1 936322 1
1 936323 1
1 936487 1
1 1167491 1
1 1244082 1
1 1244131 1
1 1244132 1
1 1709947 1
1 1709948 1
1 1710312 1
1 1710313 1
1 6259577 1
1 6259578 1
1 6454201 1
1 6454202 1
1 6454338 1
1 6454339 1
1 8938388 1
1 8938433 1
1 8938434 1
1 8938513 1
1 8938514 1
1 8939106 1
1 8939340 1
1 8939341 1
1 8939538 1
1 8939539 1
1 11119530 1
1 11119531 1
1 11120270 1
1 11333576 1
1 11333577 1
1 11333734 1
1 19577900 1
1 19578314 1
1 19578315 1
1 24018738 1
1 24018739 1
1 24306697 1
1 26758609 1
1 26758610 1
1 26947536 1
1 26947780 1
1 28844549 1
1 28844550 1
1 28845510 1
1 28845511 1
1 28969696 1
1 28969697 1
1 29211668 1
1 29211669 1
1 32645380 1
1 32645566 1
1 32645567 1
1 35325537 1
1 35325538 1
1 36689849 1
1 38061531 1
1 38061532 1
1 38478153 1
1 38478154 1
1 43123740 1
1 43123741 1
1 43123856 1
1 43147777 1
1 43147818 1
1 43148696 1
1 43148813 1
1 43148903 1
1 43148904 1
1 43637915 1
1 43637916 1
1 44412287 1
1 44412288 1
1 44435665 1
1 44435666 1
1 44495944 1
1 44495945 1
1 45241535 1
1 45241536 1
1 45452442 1
1 45452443 1
1 46016377 1
1 46016490 1
1 46016491 1
1 52520979 1
1 52521348 1
1 52521940 1
1 53163796 1
1 53792469 1
1 53792470 1
1 78148124 1
1 78148218 1
1 78148637 1
1 78148665 1
1 78148741 1
1 78148742 1
1 78148764 1
1 78148765 1
1 78148906 1
1 78148924 1
1 78148925 1
1 78149253 1
1 101491651 1
1 101491652 1
1 109643279 1
1 110162383 1
1 110162384 1
1 110162616 1
1 110162617 1
1 113498424 1
1 113498721 1
1 113498799 1
1 115259445 1
1 115259446 1
1 115259462 1
1 118472393 1
1 119682997 1
1 151043262 1
1 153483624 1
1 153483625 1
1 153939842 1
1 154193094 1
1 154193187 1
1 155232158 1
1 155243287 1
1 155243363 1
1 155243364 1
1 155243372 1
1 155579578 1
1 155579790 1
1 156024343 1
1 156307950 1
1 156474959 1
1 156571143 1
1 156630362 1
1 156630363 1
1 159894809 1
1 159894810 1
1 159894860 1
1 161147061 1
1 165797446 1
1 165798141 1
1 165798263 1
1 166808712 1
1 166808713 1
1 167683739 1
1 173836713 1
1 173836714 1
1 173836887 1
1 173837327 1
1 173837459 1
1 193090820 1
1 193090821 1
1 193090904 1
1 193090942 1
1 193090953 1
1 200639659 1
1 200639660 1
1 207494503 1
1 207494657 1
1 207495014 1
1 210001163 1
1 210001332 1
1 210001333 1
1 214776204 1
1 214776346 1
1 214776347 1
1 220219771 1
1 220219814 1
1 222638971 1
1 222638972 1
1 229761972 1
1 229761973 1
1 231664399 1
1 231664591 1
1 234743972 1
1 234744035 1
1 235292316 1
1 235292386 1
1 235530468 1
1 235668413 1
1 235668414 1
1 235668472 1
1 244998142 1
1 244998214 1
1 244998607 1
1 244999140 1
1 244999141 1
1 245026295 1
1 245026296 1
1 245082230 1
1 245082231 1
1 246729514 1
1 246729515 1
2 3606292 1
2 3606293 1
2 3606518 1
2 3606519 1
2 10260914 1
2 10261035 1
2 10261036 1
2 10588129 1
2 10588130 1
2 10588942 1
2 10588943 1
2 11919451 1
2 11919452 1
2 20550766 1
2 27440320 1
2 27440321 1
2 27440350 1
2 27579730 1
2 27579731 1
2 29092981 1
2 29117537 1
2 29117538 1
2 29117719 1
2 29118288 1
2 29118289 1
2 29118654 1
2 29118655 1
2 32236079 1
2 32236232 1
2 32582030 1
2 32582167 1
2 32582168 1
2 32852989 1
2 32853232 1
2 32853322 1
2 39351389 1
2 39351390 1
2 39351539 1
2 43454312 1
2 43454313 1
2 43822865 1
2 43822866 1
2 43823072 1
2 44222945 1
2 44588719 1
2 47404132 1
2 48543164 1
2 48543165 1
2 55496335 1
2 55920931 1
2 61764262 1
2 68385030 1
2 68385031 1
2 68589329 1
2 68589330 1
2 70313385 1
2 70313386 1
2 70313494 1
2 70313503 1
2 70314090 1
2 70314091 1
2 70314284 1
2 70369195 1
2 70369440 1
2 70369441 1
2 70369509 1
2 70369796 1
2 70370021 1
2 71356918 1
2 71357928 1
2 73441414 1
2 74425506 1
2 75062104 1
2 75062105 1
2 75062149 1
2 75062150 1
2 75185438 1
2 75185439 1
2 75186010 1
2 85766932 1
2 85766933 1
2 85767308 1
2 86333000 1
2 86667845 1
2 86667846 1
2 86667909 1
2 86667965 1
2 88990826 1
2 88991335 1
2 88991336 1
2 88991494 1
2 109335627 1
2 112642026 1
2 112642027 1
2 112642083 1
2 113300196 1
2 113300197 1
2 113300223 1
2 113357824 1
2 113403001 1
2 113403311 1
2 113403312 1
2 118572045 1
2 118572267 1
2 118572268 1
2 122513028 1
2 122513029 1
2 131100269 1
2 131100486 1
2 131100487 1
2 136742868 1
2 152266450 1
2 152267055 1
2 152267269 1
2 152267270 1
2 157198068 1
2 157198069 1
2 169630422 1
2 172289952 1
2 172289953 1
2 172290545 1
2 172290953 1
2 172291110 1
2 172291212 1
2 172864860 1
2 172864938 1
2 172865137 1
2 172865138 1
2 175113203 1
2 175113543 1
2 175113544 1
2 175113607 1
2 178077211 1
2 178128555 1
2 183989113 1
2 183989621 1
2 183989622 1
2 187350514 1
2 187350526 1
2 187350892 1
2 187350893 1
2 187351282 1
2 187351283 1
2 187351383 1
2 187351411 1
2 191885117 1
2 191885118 1
2 191885364 1
2 192543547 1
2 192543548 1
2 198364281 1
2 198364328 1
2 198364595 1
2 198365083 1
2 198365347 1
2 203130877 1
2 203130878 1
2 203776379 1
2 203776512 1
2 207024510 1
2 207024842 1
2 207024843 1
2 216176737 1
2 216176812 1
2 216176813 1
2 217363693 1
2 223521161 1
2 223521162 1
2 232328482 1
2 232328483 1
2 232328507 1
2 232328508 1
2 232328564 1
2 232328565 1
2 232328696 1
2 232328697 1
2 232328720 1
2 232328721 1
2 232329163 1
2 232575041 1
2 232575042 1
2 241499649 1
2 241499650 1
2 242626845 1
2 242626846 1
2 242640751 1
2 242640752 1
2 242641128 1
2 242641129 1
3 4534878 1
3 4910188 1
3 4910214 1
3 12525701 1
3 12526224 1
3 12882630 1
3 12882631 1
3 14165779 1
3 14165780 1
3 14165847 1
3 23987349 1
3 23987350 1
3 23987458 1
3 31573537 1
3 31573605 1
3 39448406 1
3 39448407 1
3 40498760 1
3 40499087 1
3 40499129 1
3 45017751 1
3 45017992 1
3 45634898 1
3 45634899 1
3 47517485 1
3 47517486 1
3 47563838 1
3 47563839 1
3 47822990 1
3 47823499 1
3 49066747 1
3 50329477 1
3 50329478 1
3 50329500 1
3 50329501 1
3 51975922 1
3 51976278 1
3 52016853 1
3 52016854 1
3 52017477 1
3 52017478 1
3 52720055 1
3 52720056 1
3 52720424 1
3 52720425 1
3 97690827 1
3 97690828 1
3 97690950 1
3 97690951 1
3 100120402 1
3 101405502 1
3 119187783 1
3 119187784 1
3 122785753 1
3 122785754 1
3 127842507 1
3 131221745 1
3 131221746 1
3 134204656 1
3 134204857 1
3 135915333 1
3 135915506 1
3 135915507 1
3 135915843 1
3 135916038 1
3 142297425 1
3 148804518 1
3 150264940 1
3 167813927 1
3 167813928 1
3 167814091 1
3 167814092 1
3 167814365 1
3 167814366 1
3 170588266 1
3 183851964 1
3 183851965 1
3 183967232 1
3 183967364 1
3 183967365 1
3 184032329 1
3 184032843 1
3 196246177 1
3 196669332 1
4 2965114 1
4 2965115 1
4 4291808 1
4 4291809 1
4 18023422 1
4 18023491 1
4 18023492 1
4 39460489 1
4 52710990 1
4 52710991 1
4 52711058 1
4 53579179 1
4 53579180 1
4 53579335 1
4 54232214 1
4 54232215 1
4 54232368 1
4 56212206 1
4 56212207 1
4 57253675 1
4 57301353 1
4 57301531 1
4 57301659 1
4 57301660 1
4 57301959 1
4 57301960 1
4 57302558 1
4 57302559 1
4 57302626 1
4 57302627 1
4 71554160 1
4 71554309 1
4 78784135 1
4 83295532 1
4 83351530 1
4 83351531 1
4 83351738 1
4 83351739 1
4 95129202 1
4 95129213 1
4 95129250 1
4 103266703 1
4 103266704 1
4 103748855 1
4 103749473 1
4 103749592 1
4 103749593 1
4 110736950 1
4 110736951 1
4 119199715 1
4 119200113 1
4 119200114 1
4 129209465 1
4 129209671 1
4 129732149 1
4 129732197 1
4 129732198 1
4 129732625 1
4 129732626 1
4 146019447 1
4 146019574 1
4 152020723 1
4 164415751 1
4 164415849 1
4 164415850 1
4 164415940 1
4 164416182 1
4 186317834 1
4 186317835 1
4 186317852 1
5 892549 1
5 6633193 1
5 6633194 1
5 6712921 1
5 6712922 1
5 33440713 1
5 33440841 1
5 34914874 1
5 34914875 1
5 34916180 1
5 34916181 1
5 34916231 1
5 36242513 1
5 36242514 1
5 40756173 1
5 43120926 1
5 43120927 1
5 43120987 1
5 43121050 1
5 43121051 1
5 43121118 1
5 43121217 1
5 54604055 1
5 61699672 1
5 61699673 1
5 65440257 1
5 68665168 1
5 68665353 1
5 71604036 1
5 71604449 1
5 81573991 1
5 81573992 1
5 81574156 1
5 89769817 1
5 89769859 1
5 89769860 1
5 89770360 1
5 89770399 1
5 89770700 1
5 89770701 1
5 89770901 1
5 89770902 1
5 94982421 1
5 94982478 1
5 94982922 1
5 94982923 1
5 110427918 1
5 110428104 1
5 110428240 1
5 110428241 1
5 110428412 1
5 110428472 1
5 110428473 1
5 111496954 1
5 111496955 1
5 111497004 1
5 115177481 1
5 115177624 1
5 131892669 1
5 134074083 1
5 137911105 1
5 137911106 1
5 138609843 1
5 138609844 1
5 138629273 1
5 140998764 1
5 140998765 1
5 140998873 1
5 140998874 1
5 145826585 1
5 145826586 1
5 149828730 1
5 151150232 1
5 151150579 1
5 151151128 1
5 154062184 1
5 154062185 1
5 154134506 1
5 154134661 1
5 154134662 1
5 158636805 1
5 158636806 1
5 158636831 1
5 158636872 1
5 158636873 1
5 162886942 1
5 162887006 1
5 162887104 1
5 170815579 1
5 170815580 1
5 170815590 1
5 170815591 1
5 176739278 1
5 176739279 1
5 176739435 1
5 176817616 1
5 176817617 1
5 179246561 1
5 179246562 1
6 3259429 1
6 5003753 1
6 5003754 1
6 5261315 1
6 5261820 1
6 7390097 1
6 7390098 1
6 8102542 1
6 8102543 1
6 10695205 1
6 10695206 1
6 10695298 1
6 13614880 1
6 13615419 1
6 13615420 1
6 13615689 1
6 17706306 1
6 17706307 1
6 17706421 1
6 17706422 1
6 24721858 1
6 24721859 1
6 24721961 1
6 26537582 1
6 26537951 1
6 26537952 1
6 30539141 1
6 30539142 1
6 30539325 1
6 30539420 1
6 30539539 1
6 30585800 1
6 30585818 1
6 30585819 1
6 31763490 1
6 31763491 1
6 32936614 1
6 32937406 1
6 32937456 1
6 32937457 1
6 33679209 1
6 35435894 1
6 36842388 1
6 36842389 1
6 37019270 1
6 37019271 1
6 37019294 1
6 37019295 1
6 37019333 1
6 37019334 1
6 39197200 1
6 39197201 1
6 41889266 1
6 41889267 1
6 42847239 1
6 42897212 1
6 42897213 1
6 43197244 1
6 44215208 1
6 44215209 1
6 86351738 1
6 86351739 1
6 86353582 1
6 86353583 1
6 86388191 1
6 86388287 1
6 86388288 1
6 86388713 1
6 86388777 1
6 86389011 1
6 90529482 1
6 90529483 1
6 90529664 1
6 90529665 1
6 109103698 1
6 109103699 1
6 109704030 1
6 109704239 1
6 109704240 1
6 111279753 1
6 111279768 1
6 111279769 1
6 111303268 1
6 111303269 1
6 114292689 1
6 114292690 1
6 117996434 1
6 117996435 1
6 117996574 1
6 126102029 1
6 133135338 1
6 133135405 1
6 139695934 1
6 139695935 1
6 139696101 1
6 139696576 1
6 139696925 1
6 143771094 1
6 143771095 1
6 143771428 1
6 143771429 1
6 144164504 1
6 144164505 1
6 146056003 1
6 146056385 1
6 146056757 1
6 146056758 1
6 151187469 1
6 151187470 1
6 151773071 1
6 151773341 1
6 151773357 1
6 153304421 1
6 153304444 1
6 153304445 1
6 160148040 1
7 766231 1
7 766232 1
7 913201 1
7 913202 1
7 915895 1
7 915923 1
7 915924 1
7 915953 1
7 915954 1
7 915984 1
7 916014 1
7 916044 1
7 916074 1
7 916104 1
7 916133 1
7 1513868 1
7 1513869 1
7 1513901 1
7 1513902 1
7 2393719 1
7 4681745 1
7 4681746 1
7 4681756 1
7 4681757 1
7 4721755 1
7 4721756 1
7 6049080 1
7 6049122 1
7 6049123 1
7 22893938 1
7 22893939 1
7 22893957 1
7 22894060 1
7 22894097 1
7 23221922 1
7 23510111 1
7 23510252 1
7 23510253 1
7 26241939 1
7 26241980 1
7 39620206 1
7 39620227 1
7 39620228 1
7 44162856 1
7 44162857 1
7 44162896 1
7 44836243 1
7 44836684 1
7 44836685 1
7 45025934 1
7 45026019 1
7 45026020 1
7 45026149 1
7 45026150 1
7 56019632 1
7 65580581 1
7 65580582 1
7 73588488 1
7 73588489 1
7 75988038 1
7 76022824 1
7 87506143 1
7 87506482 1
7 100026947 1
7 100026948 1
7 100450219 1
7 100450220 1
7 100464742 1
7 100464743 1
7 100464924 1
7 100487095 1
7 100487096 1
7 102984649 1
7 102984650 1
7 102985279 1
7 102985335 1
7 104653020 1
7 104654589 1
7 105162039 1
7 105162040 1
7 105162686 1
7 105162687 1
7 105925784 1
7 105925836 1
7 108210246 1
7 108210247 1
7 108210271 1
7 111201815 1
7 111202006 1
7 111202007 1
7 111202051 1
7 111202205 1
7 111202287 1
7 111202288 1
7 111202305 1
7 121036577 1
7 121036578 1
7 127292222 1
7 140714576 1
7 148637907 1
7 148726059 1
7 148726060 1
7 150065228 1
7 150065229 1
7 150065865 1
7 157180050 1
7 157180051 1
8 6566215 1
8 6566272 1
8 6566531 1
8 6566532 1
8 10697633 1
8 22102825 1
8 22102826 1
8 33342839 1
8 37887857 1
8 37887914 1
8 37887915 1
8 37888779 1
8 41685952 1
8 41686076 1
8 41686077 1
8 42396414 1
8 42396415 1
8 42397074 1
8 48873354 1
8 48873423 1
8 48920874 1
8 48920875 1
8 55047790 1
8 55047791 1
8 67341279 1
8 67341280 1
8 95907987 1
8 95908001 1
8 99129450 1
8 99129494 1
8 99129495 1
8 101734763 1
8 101734764 1
8 103425192 1
8 103425193 1
8 104426638 1
8 104426639 1
8 104426687 1
8 104426688 1
8 104427646 1
8 109260748 1
8 109260749 1
8 110552585 1
8 125550937 1
8 125550938 1
8 128806754 1
8 144691439 1
8 144691440 1
8 145734559 1
8 145734560 1
9 2844050 1
9 2844051 1
9 3526111 1
9 3526208 1
9 3526309 1
9 4792949 1
9 4792950 1
9 6681273 1
9 6681535 1
9 6681559 1
9 6757911 1
9 7799388 1
9 7799389 1
9 7799542 1
9 7799580 1
9 19379767 1
9 19380147 1
9 33025082 1
9 33025147 1
9 33473905 1
9 33473906 1
9 34048947 1
9 34048977 1
9 34049293 1
9 34049529 1
9 35657900 1
9 35657912 1
9 35657913 1
9 37120149 1
9 37120150 1
9 37120216 1
9 37592214 1
9 37592215 1
9 37592427 1
9 77642704 1
9 77642916 1
9 77643381 1
9 86594566 1
9 86594802 1
9 86595038 1
9 86595832 1
9 91933306 1
9 91933307 1
9 95056161 1
9 95056162 1
9 95087638 1
9 95087917 1
9 95088099 1
9 96928154 1
9 96928155 1
9 96928228 1
9 100395408 1
9 100395409 1
9 100745381 1
9 100745382 1
9 100747189 1
9 100747190 1
9 100747742 1
9 100747743 1
9 110046254 1
9 113019208 1
9 116172682 1
9 116172683 1
9 125027106 1
9 125027184 1
9 127533925 1
9 127533926 1
9 127533985 1
9 127623652 1
9 127623653 1
9 127624478 1
9 127630833 1
9 127630834 1
9 130565385 1
9 130565386 1
9 130890329 1
9 130890547 1
9 130890548 1
9 132388719 1
9 132586568 1
9 132586569 1
9 133569303 1
9 133569357 1
9 133569358 1
9 135545087 1
9 135545088 1
9 135545388 1
9 135545389 1
9 136024906 1
9 136203245 1
9 136203246 1
9 136203395 1
9 136203396 1
9 137029853 1
9 138853437 1
9 138853438 1
9 139258324 1
9 139258325 1
9 139622754 1
9 139622755 1
9 139981171 1
9 139981172 1
9 140171571 1
9 140171572 1
10 5726471 1
10 5726472 1
10 5855798 1
10 5855799 1
10 5855911 1
10 5855912 1
10 6205716 1
10 6205772 1
10 14920371 1
10 14920372 1
10 21784798 1
10 30637976 1
10 30637977 1
10 43903128 1
10 43903336 1
10 52384450 1
10 52384451 1
10 60028888 1
10 60028889 1
10 61666509 1
10 61666588 1
10 61666589 1
10 61666716 1
10 61666717 1
10 61666792 1
10 70091401 1
10 70091402 1
10 70715589 1
10 70716373 1
10 70716374 1
10 70716440 1
10 70939677 1
10 70939678 1
10 71993357 1
10 71993358 1
10 75012504 1
10 75936217 1
10 75936378 1
10 76970194 1
10 76970455 1
10 76970456 1
10 76995317 1
10 76995318 1
10 79789304 1
10 79789305 1
10 79794093 1
10 79794094 1
10 81107713 1
10 81107714 1
10 81107889 1
10 96122493 1
10 96122673 1
10 96122674 1
10 96122848 1
10 99161061 1
10 99161062 1
10 101945747 1
10 101945748 1
10 102747340 1
10 103893038 1
10 103893039 1
10 103893327 1
10 103893328 1
10 103893402 1
10 103893403 1
10 103893447 1
10 103893448 1
10 103893472 1
10 103893473 1
10 103912218 1
10 105156121 1
10 120840338 1
10 120840690 1
10 120925075 1
11 448074 1
11 448075 1
11 506793 1
11 6704635 1
11 9406062 1
11 9406063 1
11 18343697 1
11 18344072 1
11 18344105 1
11 18415926 1
11 18415927 1
11 18416024 1
11 18416025 1
11 18656051 1
11 18656261 1
11 20409404 1
11 33182817 1
11 33182889 1
11 34126910 1
11 34127162 1
11 34127163 1
11 34127216 1
11 34127290 1
11 34127291 1
11 57425086 1
11 57508904 1
11 57508905 1
11 58347177 1
11 59318034 1
11 59318588 1
11 59318759 1
11 59318760 1
11 60609562 1
11 60609563 1
11 61100567 1
11 61101292 1
11 61101293 1
11 62389755 1
11 62389756 1
11 62648854 1
11 63933343 1
11 63933344 1
11 63933686 1
11 63933687 1
11 65666928 1
11 65666929 1
11 66095936 1
11 66095937 1
11 66726143 1
11 66726258 1
11 66726259 1
11 73499256 1
11 73587673 1
11 73587906 1
11 77348940 1
11 88070726 1
11 88070914 1
11 88070955 1
11 88071006 1
11 93474085 1
11 93474086 1
11 108535840 1
11 111749377 1
11 111749596 1
11 111749597 1
11 114310026 1
11 114310027 1
11 114310156 1
11 118972866 1
11 118972867 1
11 119252534 1
11 119252535 1
11 123612367 1
11 123612368 1
12 685395 1
12 685396 1
12 685612 1
12 685613 1
12 2921943 1
12 2922107 1
12 6445429 1
12 6445430 1
12 10874702 1
12 10874703 1
12 10875044 1
12 10875045 1
12 10875137 1
12 10875383 1
12 10875384 1
12 21810311 1
12 21810345 1
12 21810346 1
12 31477808 1
12 31477971 1
12 31477972 1
12 31477984 1
12 31478471 1
12 31478642 1
12 31479197 1
12 49454694 1
12 49454695 1
12 49524072 1
12 49524073 1
12 49658814 1
12 49658815 1
12 51157740 1
12 53401038 1
12 53401039 1
12 54674047 1
12 54674109 1
12 54674110 1
12 54675041 1
12 54675042 1
12 56122969 1
12 56122970 1
12 56513361 1
12 56513362 1
12 56862301 1
12 56862302 1
12 56862394 1
12 57082038 1
12 58145706 1
12 58146190 1
12 58146285 1
12 58146305 1
12 58146358 1
12 58165796 1
12 58165845 1
12 58165898 1
12 58165899 1
12 62996309 1
12 62996572 1
12 62996668 1
12 64615515 1
12 64616042 1
12 64616043 1
12 64797862 1
12 64797863 1
12 64798838 1
12 69979138 1
12 69979257 1
12 69979484 1
12 93323233 1
12 93323496 1
12 93861537 1
12 104235045 1
12 104235046 1
12 108079442 1
12 108079443 1
12 108079820 1
12 110011000 1
12 110011001 1
12 110841257 1
12 110841258 1
12 110841378 1
12 110841413 1
12 110841414 1
12 110906321 1
12 110906322 1
12 112545862 1
12 112545923 1
12 112545924 1
12 112847032 1
12 113622923 1
12 113622924 1
12 113623340 1
12 117348672 1
12 117348673 1
12 120632656 1
12 120632828 1
12 120633096 1
12 121790419 1
12 122326566 1
12 122326567 1
12 131323957 1
12 131323958 1
12 131356510 1
12 131356511 1
12 131357044 1
12 131357045 1
12 132413801 1
12 132413802 1
12 132568642 1
12 132568643 1
13 21476289 1
13 21476290 1
13 27998820 1
13 27998821 1
13 27998832 1
13 27998833 1
13 31192103 1
13 42846028 1
13 42846029 1
13 51484030 1
13 51484259 1
13 51484260 1
13 51484284 1
13 53226667 1
13 53226769 1
13 92000720 1
13 92001054 1
13 92001587 1
13 95954001 1
13 95954002 1
13 95954157 1
14 20923282 1
14 20923363 1
14 20923364 1
14 21979353 1
14 21979354 1
14 23770709 1
14 24584228 1
14 24584229 1
14 24657649 1
14 24657650 1
14 24658047 1
14 24658048 1
14 50101033 1
14 50101080 1
14 50101081 1
14 59950853 1
14 59950854 1
14 59950953 1
14 64108368 1
14 64108369 1
14 64108879 1
14 64109047 1
14 64855057 1
14 64855058 1
14 73392976 1
14 73392977 1
14 73393389 1
14 73393390 1
14 91884473 1
14 91884474 1
14 91884522 1
14 91884523 1
14 91976945 1
14 93260396 1
14 93260397 1
14 96000715 1
14 96000716 1
14 96968192 1
14 105282274 1
14 105282389 1
15 34635345 1
15 34635451 1
15 34635503 1
15 34635504 1
15 40453307 1
15 40453640 1
15 40453641 1
15 41407835 1
15 41407836 1
15 41407868 1
15 41407869 1
15 41407895 1
15 41407896 1
15 41709040 1
15 41953842 1
15 41953843 1
15 41954117 1
15 41954171 1
15 49462226 1
15 49462227 1
15 49462618 1
15 49462712 1
15 49462713 1
15 50647364 1
15 50979000 1
15 63796129 1
15 63796192 1
15 63796193 1
15 63796729 1
15 63796787 1
15 66796943 1
15 67813441 1
15 67813609 1
15 67814001 1
15 68521773 1
15 68522439 1
15 68522440 1
15 68522464 1
15 68522465 1
15 81558378 1
15 81558379 1
15 89164580 1
15 89164581 1
15 89182134 1
15 89182135 1
15 93352588 1
15 93352589 1
16 778329 1
16 778330 1
16 1543243 1
16 1543244 1
16 2014807 1
16 2060326 1
16 2060327 1
16 2205055 1
16 2205056 1
16 2265330 1
16 2265331 1
16 2391076 1
16 2391077 1
16 3550915 1
16 3550916 1
16 3767101 1
16 3767102 1
16 4321232 1
16 4321233 1
16 4321353 1
16 4321354 1
16 4321736 1
16 4321737 1
16 4322388 1
16 4322389 1
16 4524710 1
16 4524711 1
16 21531467 1
16 21531904 1
16 21531905 1
16 22217541 1
16 22308730 1
16 22308731 1
16 22960215 1
16 22960216 1
16 23568682 1
16 23568683 1
16 30418608 1
16 30418609 1
16 53088378 1
16 53088790 1
16 53088791 1
16 53089109 1
16 53089110 1
16 58549356 1
16 58549357 1
16 69166537 1
16 69166538 1
16 69373700 1
16 69788794 1
16 85450121 1
16 85450122 1
16 88877896 1
16 88877897 1
16 89627437 1
16 89627438 1
17 2239211 1
17 2239212 1
17 2240032 1
17 2240108 1
17 2303024 1
17 2303025 1
17 2303935 1
17 2303936 1
17 4607670 1
17 4607671 1
17 4634970 1
17 4635158 1
17 4635159 1
17 5323093 1
17 5323389 1
17 5323390 1
17 5342413 1
17 5342414 1
17 5372276 1
17 5372277 1
17 7184777 1
17 7184778 1
17 7211426 1
17 7475850 1
17 7475851 1
17 8152656 1
17 26646119 1
17 27047192 1
17 27053012 1
17 27053013 1
17 27053019 1
17 27230278 1
17 33307460 1
17 33307461 1
17 33469306 1
17 33469307 1
17 34890834 1
17 34890835 1
17 34891255 1
17 34891404 1
17 34891443 1
17 34958033 1
17 34958034 1
17 36453002 1
17 36453003 1
17 36831347 1
17 36831348 1
17 36831434 1
17 36831435 1
17 36908396 1
17 36908690 1
17 36908757 1
17 36908758 1
17 37010047 1
17 37356306 1
17 37356838 1
17 37356839 1
17 38255397 1
17 38255398 1
17 38255412 1
17 38255413 1
17 38255693 1
17 38255694 1
17 38257007 1
17 38269668 1
17 38269669 1
17 39894451 1
17 40688212 1
17 40688213 1
17 40688589 1
17 40688590 1
17 40985373 1
17 40985374 1
17 42148031 1
17 42148032 1
17 42148051 1
17 42148052 1
17 42404371 1
17 42404372 1
17 45569970 1
17 45569971 1
17 47269380 1
17 47492494 1
17 47492495 1
17 48796676 1
17 48796677 1
17 48797170 1
17 49230691 1
17 49230955 1
17 49230956 1
17 49231204 1
17 49231205 1
17 49244073 1
17 49244074 1
17 49244123 1
17 49244124 1
17 56083983 1
17 56084441 1
17 56085335 1
17 56327237 1
17 56327238 1
17 56327249 1
17 57696937 1
17 57696952 1
17 61850936 1
17 61851210 1
17 61851211 1
17 62223230 1
17 62223231 1
17 62223468 1
17 62223469 1
17 62502783 1
17 66287644 1
17 66287645 1
17 72199870 1
17 72957015 1
17 72957016 1
17 72957022 1
17 72957023 1
17 72957054 1
17 73029990 1
17 73029991 1
17 73030171 1
17 73030618 1
17 73030619 1
17 74178493 1
17 74178494 1
17 74502659 1
17 74502660 1
17 74732794 1
17 74732795 1
17 75084777 1
17 75084778 1
17 76836919 1
17 76836920 1
17 76837091 1
17 78549370 1
17 78549371 1
17 79678958 1
17 79678959 1
17 80056473 1
17 80056474 1
17 80057043 1
17 80057044 1
18 9073825 1
18 9073826 1
18 12948455 1
18 12948456 1
18 13726518 1
18 13726638 1
18 19192549 1
18 23806227 1
18 23806314 1
18 23806625 1
18 23806626 1
18 29671788 1
18 29671875 1
18 29672150 1
18 29672272 1
18 29672822 1
18 29672846 1
18 29672847 1
18 33078081 1
18 33078082 1
18 33709133 1
18 33709907 1
18 33709926 1
18 43678512 1
18 43678513 1
18 43678654 1
18 46987077 1
18 46987174 1
18 46987175 1
18 77748282 1
19 797109 1
19 1275843 1
19 1275844 1
19 1275895 1
19 1275987 1
19 1407125 1
19 1672524 1
19 1672525 1
19 1672538 1
19 1672539 1
19 1864218 1
19 1864219 1
19 1864269 1
19 1864270 1
19 2427142 1
19 2427143 1
19 2427815 1
19 2749355 1
19 2749356 1
19 2783550 1
19 2783551 1
19 2783569 1
19 2783570 1
19 5720122 1
19 5720202 1
19 5720366 1
19 5720680 1
19 5790844 1
19 5790845 1
19 7968605 1
19 8372911 1
19 8372912 1
19 8386375 1
19 10138592 1
19 10138593 1
19 10530512 1
19 10530632 1
19 10530633 1
19 10530691 1
19 10530692 1
19 10680324 1
19 10680325 1
19 10812117 1
19 10812118 1
19 12834766 1
19 12834767 1
19 13056501 1
19 13056502 1
19 13056577 1
19 13056620 1
19 18043531 1
19 18043532 1
19 18682523 1
19 18682524 1
19 19144721 1
19 19144722 1
19 19144825 1
19 30433704 1
19 36605873 1
19 36605874 1
19 36705376 1
19 36705377 1
19 36706079 1
19 36706080 1
19 36706210 1
19 37064091 1
19 37064092 1
19 40337009 1
19 40337010 1
19 40476654 1
19 40476655 1
19 41168878 1
19 41168879 1
19 41256425 1
19 41903246 1
19 41903247 1
19 41903349 1
19 41903350 1
19 41903696 1
19 42364486 1
19 42364487 1
19 45582422 1
19 45582423 1
19 45681773 1
19 45681956 1
19 45909144 1
19 45909145 1
19 45909781 1
19 45909891 1
19 45909892 1
19 47290177 1
19 47290178 1
19 47852323 1
19 47852324 1
19 50180800 1
19 50180801 1
19 50180839 1
19 50180840 1
19 50180901 1
19 50180902 1
19 51307778 1
19 51307779 1
19 51308333 1
19 51308334 1
19 55987590 1
19 55987591 1
19 55987950 1
19 56166764 1
19 56166765 1
19 56167014 1
19 57791257 1
19 58331109 1
19 58331158 1
20 305136 1
20 305137 1
20 2632523 1
20 2632524 1
20 2633498 1
20 2633499 1
20 2633656 1
20 2633657 1
20 5931171 1
20 5931172 1
20 17949264 1
20 17949265 1
20 17949330 1
20 17949331 1
20 21283942 1
20 21283943 1
20 30697531 1
20 30697532 1
20 33680969 1
20 37063627 1
20 37063628 1
20 39657144 1
20 39657145 1
20 42086942 1
20 42086943 1
20 47894736 1
20 47895710 1
20 47895711 1
20 47895783 1
20 47895784 1
20 48808990 1
20 48808991 1
20 50211659 1
20 50211660 1
20 62496563 1
20 62496564 1
21 30257604 1
21 30257627 1
21 30257628 1
21 30257633 1
21 30257690 1
21 30257691 1
21 33765126 1
21 34143952 1
21 34915323 1
21 36261009 1
21 44298932 1
21 44298933 1
21 44299182 1
21 44299183 1
21 44299713 1
21 45079317 1
21 45079318 1
21 45079769 1
21 45079770 1
21 45148466 1
21 45148534 1
21 45148535 1
21 45148573 1
21 45148574 1
21 45209750 1
21 45209751 1
22 20105250 1
22 20105251 1
22 21983605 1
22 21983606 1
22 21983611 1
22 21983612 1
22 24236593 1
22 24237710 1
22 24237711 1
22 27055041 1
22 27055042 1
22 30987828 1
22 30987880 1
22 30987881 1
22 35767993 1
22 35767994 1
22 36903166 1
22 36903381 1
22 39715727 1
22 39916484 1
22 40742769 1
22 40742770 1
22 40742913 1
22 50364600 1
22 50364601 1
23 1511592 1
23 1511593 1
23 9431268 1
23 9431269 1
23 14047787 1
23 14047898 1
23 14048036 1
23 14048037 1
23 14048087 1
23 23685528 1
23 23685529 1
23 23685974 1
23 23685975 1
23 24072798 1
23 38662925 1
23 38662926 1
23 38663094 1
23 38663095 1
23 41192487 1
23 41192791 1
23 41192809 1
23 41193347 1
23 41193353 1
23 48433064 1
23 48433233 1
23 48433234 1
23 54556240 1
23 54556914 1
23 54556915 1
23 70752740 1
23 70753169 1
23 100646095 1
23 100646423 1
23 102941971 1
23 102942107 1
23 102942360 1
23 110924384 1
23 118925158 1
23 118925835 1
23 118926089 1
23 118926090 1
23 129039900 1
23 129039901 1
23 153627316 1
23 153627317 1
23 153991802 1
23 153991803 1
23 153991829 1
23 153991830 1
5 15960117 0
12 58738158 0
23 112787397 0
7 20437441 0
1 165417366 0
20 60805847 0
7 138539161 0
1 115776373 0
18 6920857 0
9 97802743 0
7 23200505 0
2 214096199 0
13 59919149 0
17 60708461 0
11 74065437 0
2 237853880 0
9 66942565 0
6 91702796 0
22 48228607 0
9 118907170 0
3 79176342 0
22 26119047 0
10 83428905 0
18 43981677 0
5 63210923 0
12 55033642 0
17 42601058 0
18 67602689 0
6 167698061 0
15 62122568 0
20 60902476 0
23 123670020 0
1 113044867 0
4 149316284 0
9 136279168 0
10 12552444 0
6 7246829 0
9 4375303 0
9 92902780 0
3 94094005 0
3 14499463 0
14 98494561 0
6 120908003 0
23 135337779 0
6 87725162 0
3 159767702 0
7 116712988 0
23 74141024 0
16 86127098 0
9 132680549 0
19 57429624 0
16 4974339 0
14 101715479 0
9 40198271 0
10 22845275 0
3 543675 0
21 43292010 0
3 127590641 0
8 92014684 0
8 83225805 0
10 9949340 0
15 28372319 0
7 81396456 0
2 87770125 0
10 79653899 0
21 44449341 0
1 233830508 0
11 128130496 0
6 136115814 0
2 129551305 0
10 74765851 0
14 29238807 0
7 80392805 0
4 4743635 0
13 113680983 0
13 78852494 0
11 48164348 0
3 140801947 0
9 125873561 0
3 129401166 0
3 103671966 0
12 46691205 0
23 1124848 0
2 26150083 0
1 50428770 0
2 12538032 0
19 46435935 0
6 79562502 0
1 27310524 0
2 177609590 0
17 56976847 0
12 42311569 0
3 31868814 0
17 54164741 0
11 31079724 0
13 107001951 0
2 102407816 0
3 167934836 0
11 8287501 0
5 165139224 0
2 124470309 0
14 74060502 0
16 48248736 0
13 34963475 0
4 22951374 0
3 38273272 0
4 130335730 0
11 90140131 0
15 82979548 0
10 21183981 0
7 95830240 0
21 28209312 0
17 59584266 0
14 20021895 0
3 29250775 0
22 37194799 0
9 20485927 0
5 122432627 0
5 33090438 0
15 22205989 0
11 25268139 0
15 92563196 0
17 63379950 0
13 61181393 0
18 30792202 0
4 103434686 0
15 43698932 0
7 92059730 0
5 19375722 0
3 155220764 0
7 105192204 0
22 26843862 0
2 163786575 0
10 6540419 0
6 72352194 0
2 30270190 0
12 61742026 0
7 30845558 0
17 12871471 0
1 12024330 0
5 180158800 0
13 53996098 0
16 1959793 0
12 120599049 0
13 83390991 0
6 114466905 0
8 41478447 0
16 57731541 0
7 133543431 0
8 120550804 0
8 143257239 0
7 54872178 0
6 87702170 0
4 90459942 0
2 216386582 0
9 2625472 0
18 76486849 0
3 191973684 0
6 170565144 0
3 124992882 0
11 638506 0
5 114951137 0
7 115200771 0
7 47613411 0
2 40094016 0
7 97459629 0
2 46466466 0
7 92452009 0
15 97275705 0
12 127719256 0
2 77700978 0
7 21260993 0
13 85690363 0
12 64055422 0
15 91391456 0
3 146954801 0
1 221354703 0
5 140503554 0
10 53428024 0
10 57159769 0
14 89605396 0
13 111824456 0
10 20492708 0
14 39544932 0
3 48686907 0
15 57917931 0
16 77132880 0
11 35769662 0
18 31581517 0
8 75555727 0
2 233128157 0
6 11100665 0
5 1290814 0
16 33769031 0
10 109273584 0
1 58540548 0
6 136479908 0
23 77209947 0
4 162089836 0
9 70939445 0
2 161227849 0
11 92340226 0
8 50821935 0
6 100054807 0
5 166749191 0
21 9708368 0
17 46131331 0
13 28828216 0
22 30657807 0
7 36561668 0
10 66134075 0
10 26535018 0
7 15394102 0
6 167366221 0
2 230542879 0
10 8076366 0
11 61335790 0
6 997047 0
8 92645301 0
9 18184297 0
8 118067990 0
3 85730562 0
19 29988070 0
1 100571451 0
5 63131894 0
5 41149367 0
10 88819545 0
1 95357736 0
1 32242942 0
7 74967511 0
12 49144975 0
9 10430396 0
19 4102071 0
14 22985112 0
19 52201219 0
4 174450802 0
23 115367188 0
16 13436065 0
8 38012434 0
7 64377691 0
3 120187059 0
9 108785289 0
12 48730025 0
2 75105839 0
15 65389004 0
13 111090741 0
21 29157443 0
14 23863617 0
20 39218473 0
7 66143912 0
10 72439496 0
4 42612871 0
4 78156196 0
6 14177430 0
15 59734004 0
1 207039108 0
11 37571770 0
6 117767946 0
6 12429861 0
18 21123823 0
5 62934912 0
7 23298491 0
4 25975181 0
20 15058346 0
8 78452932 0
5 93315120 0
3 2929405 0
4 187956673 0
17 8843542 0
6 104466808 0
4 106064576 0
18 30211094 0
1 99890599 0
18 31588508 0
4 146604006 0
5 2421340 0
15 40572715 0
6 5707988 0
15 56148201 0
10 7598932 0
13 22219064 0
22 49578599 0
1 169600493 0
8 96420424 0
4 23877512 0
16 81928851 0
12 68956411 0
5 114630596 0
2 4674927 0
5 5169810 0
10 45409911 0
2 130643075 0
1 149009916 0
4 129638329 0
19 1468393 0
23 11830734 0
7 41459202 0
4 154330225 0
8 104192508 0
15 64440403 0
23 97293027 0
15 26120299 0
5 49560790 0
12 127228318 0
2 138503547 0
5 69827301 0
21 43981211 0
2 80694068 0
6 140201671 0
19 56968308 0
3 190661375 0
3 6653961 0
3 84714553 0
4 189172259 0
6 4914887 0
6 164381652 0
4 16973202 0
4 1219785 0
6 159926134 0
17 7983108 0
15 23889040 0
23 10818822 0
15 91549817 0
6 23208752 0
16 34667797 0
11 2938501 0
3 49882066 0
15 75501763 0
9 27867583 0
6 140742137 0
2 36987666 0
7 143738692 0
9 74102221 0
8 84080754 0
10 68773255 0
18 62868866 0
6 101089155 0
2 128304975 0
3 58551310 0
1 239289012 0
5 147685363 0
20 37789493 0
4 18585114 0
2 34844736 0
6 167188007 0
10 29884369 0
19 33696523 0
2 42932895 0
16 73338332 0
10 109466799 0
10 63813250 0
22 37116493 0
8 65298436 0
13 57888983 0
10 106671960 0
4 90459671 0
22 32172457 0
7 106005386 0
11 42425505 0
2 131340988 0
9 31693990 0
9 138151390 0
1 199999239 0
3 33246493 0
7 122107298 0
4 120433079 0
8 96973620 0
21 23438540 0
7 30920908 0
17 7017652 0
7 148306175 0
5 162253840 0
10 47056268 0
22 32270346 0
8 2381827 0
6 170943321 0
5 143265818 0
3 182834280 0
6 25340473 0
12 65978076 0
10 135101935 0
9 109615318 0
4 21247369 0
1 209125845 0
10 64975311 0
12 70747650 0
2 68344046 0
1 175667118 0
4 129178088 0
16 55049913 0
5 142496629 0
6 146723110 0
19 55445768 0
20 17612968 0
9 23728551 0
8 77308816 0
5 51432943 0
2 116336190 0
9 40704583 0
15 95847804 0
13 52952646 0
2 117258422 0
4 44145477 0
11 117714130 0
23 106852297 0
14 102325552 0
20 23357705 0
7 96882060 0
4 12173393 0
8 58134012 0
1 180674779 0
10 84393469 0
17 21146560 0
3 98786792 0
8 105261032 0
7 50198502 0
9 43034377 0
6 118273789 0
1 112420973 0
5 57191428 0
11 98890737 0
23 42487498 0
16 26346740 0
2 119630447 0
1 15146994 0
9 85601369 0
5 8913880 0
11 88567772 0
2 215403829 0
6 9866817 0
6 147943126 0
1 193553704 0
4 60687422 0
12 79212115 0
20 61874679 0
12 132615494 0
1 77009086 0
3 56466879 0
6 130011847 0
4 48908526 0
18 75963077 0
1 116930724 0
19 50784402 0
6 104981405 0
23 110194905 0
7 95704919 0
5 112533621 0
20 13988140 0
5 137937962 0
13 78300367 0
1 113690138 0
9 130737121 0
10 108885764 0
12 19339947 0
1 233276401 0
10 21303712 0
16 63680814 0
9 6604250 0
17 50640653 0
13 91703330 0
6 41411960 0
12 99538249 0
13 80253410 0
12 21589607 0
11 100856292 0
5 69807560 0
13 114783502 0
13 52891310 0
2 8091031 0
18 18541883 0
4 67668530 0
2 31806323 0
9 79481538 0
8 139250374 0
1 59321814 0
1 218583281 0
11 132686493 0
6 146204555 0
8 116586113 0
15 95009838 0
4 9382742 0
4 164817740 0
2 222965008 0
10 17319367 0
2 11772138 0
9 89870390 0
17 13335006 0
2 26699844 0
5 86401995 0
6 27111772 0
3 121508845 0
7 39331921 0
7 5020443 0
4 17560270 0
9 18845 0
23 89422782 0
9 21564913 0
4 74602712 0
6 99274520 0
16 81486896 0
9 121323448 0
8 33414129 0
5 132535179 0
10 18187165 0
18 36143658 0
4 124329511 0
11 133050247 0
12 114286878 0
6 159014330 0
3 96047176 0
16 333104 0
21 37070364 0
4 190988464 0
6 69512363 0
2 3836076 0
4 9012111 0
12 114787833 0
21 41446383 0
3 88271875 0
2 23291522 0
1 30988641 0
23 134570093 0
6 80564615 0
2 106797071 0
4 22299329 0
6 141178819 0
18 42530123 0
13 113359437 0
6 52695460 0
3 46854503 0
3 129278666 0
16 556574 0
11 126941767 0
6 80578490 0
6 1151184 0
5 177682540 0
3 34622944 0
15 89253712 0
4 1627243 0
5 161252152 0
18 76495688 0
3 74692454 0
1 8374743 0
7 4225308 0
2 224896080 0
9 132324679 0
11 2209332 0
2 153988022 0
7 121841168 0
5 5385634 0
3 15326031 0
10 45461356 0
3 128070517 0
20 46128137 0
6 71373850 0
5 95724442 0
18 40312566 0
13 93927553 0
4 7802685 0
3 50454428 0
11 115613068 0
3 25028692 0
4 144376813 0
5 177891550 0
11 124765972 0
4 71485486 0
13 79959054 0
5 31960842 0
6 161562374 0
13 102428416 0
20 15291883 0
16 70162927 0
2 169443165 0
5 82852988 0
15 82972903 0
13 87717461 0
5 127850404 0
1 160141220 0
23 110503611 0
6 117310137 0
12 111473924 0
2 225125536 0
15 74177404 0
12 60501121 0
10 117330397 0
12 63988799 0
10 7520119 0
9 66960803 0
7 73657442 0
11 126023273 0
20 57222667 0
7 122827094 0
15 58834791 0
7 6858523 0
8 112511499 0
7 21291964 0
7 11351137 0
2 45170557 0
17 20456956 0
14 100216166 0
21 45535046 0
21 25810369 0
15 54109064 0
3 193099219 0
1 152687409 0
21 44319298 0
2 82548406 0
14 103218913 0
14 87311136 0
5 75314194 0
15 84948334 0
13 44905665 0
5 164372337 0
15 79134933 0
2 207835417 0
9 92184429 0
9 139855407 0
8 32369225 0
5 144880285 0
2 168572669 0
8 86214444 0
14 98453192 0
15 86423185 0
7 92892123 0
18 44814919 0
9 132042276 0
17 66526512 0
1 32156849 0
3 66494616 0
20 56742141 0
3 9727007 0
12 27133925 0
4 143733715 0
14 25348176 0
17 16664939 0
1 115829893 0
2 143613570 0
6 33806892 0
5 19198949 0
8 17185588 0
4 12254632 0
11 133184906 0
6 27325596 0
3 145057908 0
6 9979483 0
3 119212169 0
11 1854435 0
23 45665568 0
2 171831891 0
3 152034741 0
2 107787230 0
1 246447649 0
8 98719292 0
5 437842 0
13 34641569 0
21 19165826 0
17 56378463 0
2 19681037 0
8 85735699 0
6 29975982 0
2 137034644 0
2 166864139 0
10 104343178 0
9 35682725 0
2 52005796 0
7 108996223 0
5 11184909 0
4 66183316 0
6 19809301 0
4 9811593 0
2 87568685 0
5 165703502 0
22 44277282 0
8 37708365 0
8 49567871 0
9 134706991 0
17 76395352 0
7 101638565 0
3 187305961 0
21 26489251 0
11 90222170 0
11 61457761 0
23 141829189 0
18 60854978 0
7 22597749 0
17 13331857 0
14 32322057 0
12 125714785 0
12 9752914 0
5 155235157 0
23 6069051 0
6 11655039 0
21 47229486 0
11 30132368 0
6 39311604 0
5 132863158 0
12 14134935 0
2 135110843 0
8 92271576 0
9 135619798 0
13 88031935 0
1 54716469 0
2 190238651 0
5 63855577 0
1 174834290 0
13 111839630 0
5 128162649 0
3 16414840 0
9 108181071 0
5 124612101 0
10 129993111 0
15 68568015 0
21 43347994 0
13 87422924 0
3 135221994 0
11 83997220 0
19 51834399 0
19 37021259 0
3 52102979 0
9 110710503 0
11 44979576 0
3 119110220 0
16 80198606 0
4 178861853 0
7 11664041 0
1 170777445 0
13 37632548 0
5 23820755 0
11 61941209 0
12 111924577 0
4 63535505 0
1 171534508 0
23 51931765 0
16 77037697 0
19 16989474 0
3 158694604 0
2 182730845 0
18 45755509 0
17 80768960 0
10 56473833 0
3 159735949 0
22 25918893 0
4 11401038 0
10 23875179 0
11 131408338 0
1 230417374 0
6 68656317 0
2 111788947 0
14 100037095 0
8 13126326 0
2 178226079 0
17 58099662 0
4 93190137 0
3 174777672 0
9 91178138 0
12 53576021 0
1 206569758 0
13 95851571 0
11 30040081 0
12 43070193 0
5 87452927 0
12 132245665 0
6 133561614 0
4 74592070 0
2 66917815 0
5 108121247 0
1 8986241 0
6 361484 0
20 23871221 0
7 113061052 0
20 16113928 0
5 140616103 0
2 84154497 0
1 171621731 0
7 32527008 0
1 16271749 0
6 69506091 0
1 161641383 0
2 102894282 0
2 101662539 0
13 102498587 0
5 10746884 0
23 20014455 0
2 52954617 0
3 127278466 0
21 20328367 0
3 181535353 0
3 154380467 0
7 136746084 0
5 11563806 0
13 112537250 0
11 32090613 0
4 182558691 0
14 44605454 0
11 106646430 0
6 6925396 0
13 101218563 0
20 35832698 0
23 140756646 0
2 15809053 0
23 125233637 0
7 38753193 0
13 39332730 0
3 149182522 0
13 30185130 0
23 16448358 0
8 136804155 0
6 44506002 0
12 66619237 0
15 26356493 0
11 36465659 0
4 124571408 0
1 88680185 0
1 55314231 0
13 91620491 0
20 51796093 0
6 103500954 0
6 52575425 0
3 179424785 0
3 114020501 0
5 146702706 0
18 11101316 0
12 49734510 0
4 152063128 0
2 237085808 0
8 107642806 0
4 83838697 0
2 192410380 0
11 47157864 0
2 115895158 0
11 80041022 0
4 40827943 0
8 63861749 0
10 98103806 0
3 153902843 0
2 177270886 0
4 106448047 0
6 127193915 0
17 80051405 0
11 98150609 0
2 15563783 0
20 14476640 0
18 58518912 0
8 134125939 0
13 107729435 0
14 99331092 0
6 161769193 0
1 170635076 0
15 85743386 0
16 71406941 0
5 53338456 0
5 60908378 0
9 85125983 0
2 9794907 0
21 23338339 0
10 117739667 0
13 113492615 0
14 101448921 0
4 158431482 0
1 32165648 0
7 1141725 0
1 209405029 0
6 157148738 0
1 85230475 0
18 34273207 0
11 29826106 0
12 8386106 0
3 148749720 0
6 79200470 0
7 119978591 0
11 77226484 0
2 159231072 0
10 134005599 0
11 71233736 0
16 20201367 0
15 76633905 0
13 110883629 0
22 38087587 0
11 7403375 0
11 69935563 0
12 9351120 0
16 72892986 0
8 4094077 0
2 159340515 0
18 7432498 0
23 68140001 0
18 76168810 0
10 8164446 0
15 35500683 0
1 60585120 0
1 3151355 0
3 119423036 0
6 148266350 0
1 60031368 0
5 16677148 0
7 8330411 0
3 3711552 0
5 148376338 0
17 46426591 0
11 91972523 0
2 6664027 0
3 168245134 0
2 144904739 0
2 140921944 0
4 103688350 0
3 145897113 0
10 10668769 0
6 162727528 0
9 119745553 0
11 125237589 0
12 43499303 0
2 141006330 0
5 144051683 0
8 118067916 0
16 18892784 0
3 25607535 0
1 241390474 0
23 113905981 0
4 79369379 0
12 110256621 0
21 47664716 0
9 40675735 0
3 68117249 0
7 99691888 0
8 18387982 0
23 42592551 0
4 27572705 0
4 143180591 0
10 128298350 0
10 77699690 0
16 51058030 0
10 117728241 0
13 69143378 0
7 16438336 0
4 27759176 0
4 157259952 0
13 58311276 0
5 20121306 0
10 108579252 0
15 55562785 0
1 2468777 0
3 39310840 0
1 217858346 0
22 23045365 0
2 187797207 0
18 46384085 0
3 147794752 0
2 148150061 0
3 253226 0
6 66308339 0
1 143185788 0
2 90209816 0
8 2947250 0
18 37068080 0
1 62713203 0
13 85523816 0
10 16578586 0
20 10961831 0
6 144840978 0
1 191828033 0
1 14456305 0
4 130027847 0
10 15378275 0
11 124311617 0
2 182460193 0
1 118143812 0
7 2258926 0
20 38750369 0
7 72439596 0
13 95786205 0
2 230118840 0
11 94660926 0
10 19995837 0
6 107968783 0
23 52335550 0
19 4036909 0
2 127821197 0
17 64825713 0
7 126428755 0
23 144871430 0
10 15504779 0
20 25054976 0
9 111023283 0
16 4085521 0
9 136310893 0
20 8961981 0
19 50360684 0
4 185044143 0
21 31614813 0
5 38683719 0
3 126665866 0
2 1402999 0
10 34291287 0
13 61264977 0
8 33325196 0
12 99015914 0
10 130020263 0
4 156304558 0
14 22978072 0
3 176290052 0
6 87144015 0
5 112083846 0
20 52358467 0
3 40576630 0
19 3668649 0
11 45484546 0
17 31621991 0
12 74281244 0
16 69664520 0
13 80384185 0
6 168550737 0
15 84110334 0
16 51256040 0
4 37572652 0
12 95995436 0
20 1610258 0
12 58533355 0
6 161591493 0
9 40713269 0
7 4308985 0
12 84234379 0
3 175061375 0
16 56670363 0
1 230800721 0
5 34844983 0
13 36411845 0
17 76537670 0
1 196654275 0
10 5794417 0
23 33221928 0
11 127061380 0
7 204573 0
20 39315667 0
5 20575831 0
17 76238064 0
2 30650933 0
8 133831773 0
4 117140140 0
7 118403067 0
3 145522898 0
14 27278702 0
11 44004175 0
13 107125703 0
3 62507477 0
5 76734153 0
16 61280792 0
2 105925024 0
3 195491399 0
2 100320872 0
23 131828082 0
2 121432246 0
6 164577315 0
11 131332407 0
5 65894431 0
11 134253932 0
8 3828188 0
2 221111841 0
8 98755196 0
4 134837057 0
3 45512459 0
10 54932788 0
3 111694337 0
16 5309853 0
11 17013687 0
10 23482113 0
7 69113460 0
11 70655726 0
9 133230186 0
4 67494977 0
3 59448115 0
13 67100458 0
10 3287087 0
5 52223373 0
2 114901738 0
4 171330254 0
13 68794753 0
5 115833453 0
2 33246132 0
15 75979539 0
3 115970326 0
19 21332846 0
3 13124733 0
6 149305465 0
8 48924045 0
1 82222576 0
11 119574692 0
8 6656798 0
16 24770854 0
6 33388111 0
18 77638402 0
4 41963395 0
1 216632507 0
6 18943970 0
7 125174936 0
6 80775648 0
11 66039635 0
1 33770024 0
8 30114534 0
13 76831205 0
5 14454423 0
14 98116427 0
8 51765252 0
9 6998989 0
13 103954091 0
15 84190543 0
11 104533204 0
7 88294451 0
1 182067366 0
6 33142284 0
14 87365610 0
18 19027066 0
15 63090041 0
6 72169816 0
9 139350543 0
7 153660960 0
9 4150020 0
6 26721194 0
3 180897840 0
4 1813133 0
15 33005910 0
4 108592480 0
1 34379723 0
2 168964460 0
19 7622906 0
14 104183725 0
12 105461431 0
3 84341360 0
12 102758423 0
12 18596926 0
3 157638904 0
1 7642279 0
3 115728299 0
8 97033889 0
1 237774138 0
11 75157412 0
19 31752728 0
4 189616536 0
10 131196993 0
4 52696739 0
4 113334940 0
11 66299234 0
18 12536824 0
1 150353953 0
3 185085377 0
17 72942904 0
8 51103969 0
2 11707690 0
8 90646940 0
11 11564041 0
3 85907807 0
8 90146173 0
14 51763454 0
23 116779600 0
11 2551888 0
10 21085840 0
6 86826871 0
2 96944991 0
4 64610703 0
18 61255455 0
8 32087526 0
16 56780397 0
8 42391503 0
8 1797930 0
6 7692341 0
3 99774229 0
4 57459656 0
2 188484717 0
5 172113810 0
12 33555067 0
3 44053136 0
10 35932931 0
23 19511301 0
2 32878357 0
9 14269625 0
4 143045152 0
5 162449562 0
9 75923797 0
7 4180782 0
9 30387185 0
11 26061415 0
12 79197400 0
3 85327670 0
16 80322384 0
2 150638155 0
4 86254092 0
23 153616513 0
11 104246493 0
10 115965905 0
8 59579214 0
20 48525535 0
7 5405089 0
2 224415309 0
11 73115524 0
20 17221640 0
6 142806368 0
7 91621387 0
6 53590002 0
10 23842179 0
2 217142346 0
2 5806520 0
11 119671991 0
11 12122537 0
4 46992022 0
18 31569819 0
1 2362256 0
12 24360292 0
22 16349862 0
16 54229432 0
3 11609366 0
6 66885481 0
6 87464675 0
5 5379947 0
11 45483635 0
6 30829759 0
5 4561863 0
16 77311879 0
1 82510642 0
20 21784704 0
14 90679671 0
15 37855630 0
16 59787066 0
8 145305397 0
13 48094762 0
20 46801000 0
5 66659445 0
5 36741334 0
8 96107727 0
20 61631338 0
20 33556352 0
2 17917785 0
23 128723269 0
10 34171969 0
4 146384876 0
22 46827376 0
18 35090199 0
2 33136158 0
9 20325543 0
3 186003857 0
3 168817070 0
2 180471033 0
6 14792337 0
15 74177123 0
10 25279391 0
8 102298505 0
7 24257046 0
23 148631262 0
6 53942334 0
2 213504466 0
15 95561229 0
2 59648585 0
8 99974996 0
13 63244899 0
3 116116657 0
4 41519447 0
6 150894900 0
8 110741876 0
3 190023589 0
8 84568039 0
8 142626082 0
11 12806708 0
8 100152196 0
17 78791316 0
8 102788027 0
12 110815439 0
5 146813935 0
2 160224540 0
4 42476661 0
9 88136873 0
7 96156573 0
5 73079296 0
2 235581361 0
9 138469347 0
15 80333859 0
17 61611794 0
1 53099181 0
9 43630713 0
4 65361419 0
13 49877797 0
3 174911831 0
4 121743092 0
12 120288596 0
8 93996596 0
4 164079360 0
8 51660730 0
4 187623534 0
7 8628329 0
9 138661038 0
1 155065790 0
2 147840231 0
7 69949409 0
7 1206838 0
23 28451165 0
2 3519833 0
5 5482665 0
2 220502767 0
15 101209561 0
8 106674086 0
2 76968373 0
23 17740938 0
11 85455715 0
16 47539521 0
18 5909735 0
2 186678560 0
10 35153601 0
23 40482173 0
5 37351080 0
1 56858975 0
7 47546671 0
10 95906175 0
18 34033463 0
10 125686561 0
18 76553867 0
10 50599620 0
1 114811935 0
18 8043582 0
9 138178489 0
9 42299177 0
23 95653561 0
5 66296258 0
2 162852124 0
9 139641997 0
2 296189 0
3 2028564 0
9 138374269 0
6 80522200 0
7 119615545 0
18 7641277 0
8 82064194 0
3 147113612 0
23 281609 0
23 13329652 0
7 135414210 0
7 147176045 0
7 11376527 0
8 73956523 0
14 36697511 0
5 173302809 0
14 20147913 0
5 15933799 0
10 33905678 0
1 245931054 0
13 105864241 0
3 70071185 0
3 115196186 0
8 137995552 0
20 37517362 0
1 57810355 0
20 55599793 0
4 129967348 0
13 103717378 0
1 115658705 0
3 101139314 0
2 150184883 0
4 54682740 0
3 29397580 0
2 149326928 0
16 27167532 0
6 143692343 0
18 42557423 0
5 164139378 0
8 21588280 0
2 213697375 0
15 57337271 0
8 106675169 0
10 19377178 0
5 33675664 0
2 174486611 0
13 107362703 0
6 120455825 0
10 119839918 0
13 87273868 0
11 132820663 0
16 900678 0
7 27169732 0
4 44127599 0
3 102539229 0
12 6971293 0
23 34293608 0
3 16412504 0
13 39349363 0
1 119795116 0
2 228754700 0
5 135030237 0
10 1387265 0
5 122728692 0
5 55197093 0
2 96194478 0
8 145620108 0
8 28915519 0
14 63131018 0
7 90607692 0
1 24434282 0
5 166344221 0
14 43014950 0
1 239554049 0
22 45582206 0
9 138701523 0
2 62456394 0
19 4249292 0
15 68641176 0
3 180734976 0
1 74228063 0
2 231686719 0
5 78365170 0
5 18051587 0
12 97261970 0
17 17076518 0
6 143940015 0
5 99548815 0
5 4453689 0
11 12079999 0
5 76959097 0
11 118917100 0
23 66570071 0
5 148621558 0
17 20563043 0
5 45688556 0
21 40032487 0
10 101600910 0
14 97551848 0
22 37566931 0
14 24568309 0
3 154098549 0
11 23092433 0
10 127266234 0
8 1851410 0
2 180557141 0
15 92952908 0
6 129766766 0
2 139637015 0
2 113967407 0
2 192712975 0
12 13684204 0
18 57231106 0
15 58257421 0
2 209048515 0
5 8396291 0
10 74896497 0
2 12608726 0
7 121766732 0
4 24801485 0
5 12244166 0
11 115036038 0
10 54074689 0
2 151755560 0
3 165890161 0
17 25738802 0
15 74315433 0
1 19748638 0
9 93387523 0
10 46018351 0
12 123893905 0
18 39597288 0
12 72363150 0
8 27437472 0
4 147796282 0
12 98768369 0
8 92525062 0
2 150005327 0
2 6883032 0
2 50278465 0
9 68166254 0
13 51299382 0
4 189992763 0
2 139280427 0
5 112375745 0
3 66890427 0
4 98197781 0
4 74005607 0
4 108603833 0
3 29900674 0
4 74254262 0
1 232514094 0
23 51937779 0
16 86566184 0
21 27418100 0
13 21369309 0
9 32781464 0
7 131857875 0
9 11381972 0
5 19883200 0
2 171493109 0
14 41922708 0
2 33701996 0
13 97038419 0
5 96452260 0
7 4059289 0
9 84208025 0
4 1388503 0
7 111299637 0
5 88903433 0
8 20334619 0
12 28072797 0
12 44479005 0
2 89947559 0
15 80759692 0
4 105821868 0
2 107691324 0
4 188533158 0
13 24745566 0
1 119451340 0
2 239092347 0
18 38496497 0
12 98674221 0
18 64436640 0
22 25486259 0
7 12870070 0
7 76625256 0
5 91224514 0
10 56522923 0
6 151019645 0
5 1051459 0
2 44671262 0
23 153835181 0
7 8762815 0
11 123037252 0
13 34899009 0
2 202972807 0
2 79158121 0
2 86044947 0
13 100070640 0
9 68411405 0
2 96107792 0
1 109396090 0
7 148093308 0
1 195747270 0
1 50582964 0
6 46097864 0
14 106817602 0
12 104696913 0
22 24574052 0
7 112759502 0
11 24907307 0
19 6227571 0
18 70648095 0
5 82526761 0
10 113534829 0
23 89226696 0
2 119382713 0
19 5140872 0
14 61782968 0
15 26115130 0
2 197298122 0
13 37843900 0
4 145296117 0
2 203531116 0
11 98797934 0
11 6015315 0
16 74465704 0
6 159925332 0
6 95147737 0
4 84712064 0
3 188649964 0
3 29836893 0
3 5260266 0
20 53612539 0
3 139708316 0
16 61650531 0
10 131825280 0
13 67318147 0
5 17143708 0
10 119395010 0
10 3759638 0
18 4627511 0
10 89990093 0
16 74455968 0
11 121699839 0
1 116997197 0
5 158215789 0
18 51462001 0
18 67617840 0
5 155842626 0
6 17928104 0
15 92005137 0
2 161462172 0
15 101816821 0
2 67369993 0
12 67502527 0
9 43644935 0
23 29842772 0
9 119931680 0
13 97488582 0
13 45959012 0
17 80687409 0
5 164690745 0
3 122869109 0
5 122398999 0
8 53243392 0
7 16439675 0
2 102629868 0
5 98253675 0
1 216246605 0
9 104664167 0
3 21026497 0
16 4493054 0
12 56567684 0
3 85519733 0
16 18012670 0
13 26398093 0
10 78041061 0
2 90213312 0
12 33301412 0
3 52663387 0
6 12488010 0
1 186845137 0
11 70315698 0
1 218736839 0
10 30017150 0
16 22269351 0
22 43027869 0
8 13562028 0
3 74614797 0
1 54205702 0
14 58572052 0
12 1017620 0
1 16742658 0
8 6830066 0
4 3314147 0
5 9436487 0
12 78679519 0
1 119414718 0
5 60687104 0
10 49655103 0
7 157661731 0
4 182923411 0
9 42250986 0
11 76832519 0
2 163086707 0
19 50811732 0
2 194678447 0
13 79776715 0
11 55314802 0
6 139858583 0
6 157034972 0
10 89431693 0
5 72906352 0
17 78905499 0
13 24692533 0
2 123827911 0
8 77483834 0
7 124424023 0
13 28996236 0
12 67430731 0
4 62717681 0
11 38780705 0
5 61432378 0
14 38993336 0
10 99698685 0
2 208675284 0
7 1714982 0
16 2278627 0
8 37559172 0
23 65253549 0
1 234512555 0
23 13763993 0
1 213484190 0
20 1889305 0
5 11429543 0
9 8260141 0
9 95771902 0
21 19528493 0
1 70035044 0
12 77058857 0
21 36081257 0
11 130822336 0
16 16732315 0
10 117689881 0
16 83972130 0
13 63894514 0
5 73763978 0
4 127027301 0
4 96301287 0
15 61327774 0
10 4132100 0
23 131183958 0
11 80108913 0
10 23094139 0
6 65114312 0
1 54155609 0
3 105763749 0
2 182303198 0
3 38015006 0
11 124982889 0
1 202560789 0
19 44273908 0
18 50498173 0
14 38175331 0
11 105122384 0
17 14570494 0
19 18212320 0
6 87702297 0
2 163095015 0
8 117859763 0
1 240495336 0
5 60059120 0
6 138745186 0
2 87540246 0
12 17761899 0
6 146400362 0
2 116932105 0
2 225307789 0
5 30534162 0
13 99917891 0
7 2329388 0
11 38908635 0
17 29664858 0
23 11233765 0
12 126946501 0
23 288907 0
16 88755946 0
3 61481661 0
1 66991834 0
11 118076885 0
7 158544921 0
5 2301225 0
2 149866868 0
3 104737257 0
20 40046587 0
17 35297988 0
7 84792022 0
23 96332855 0
18 27501662 0
22 35944967 0
16 15231677 0
13 103387767 0
10 10666868 0
16 13320877 0
11 75147801 0
12 78801953 0
19 33772644 0
11 131105993 0
9 130906835 0
8 97481109 0
4 629697 0
15 60940021 0
22 37762886 0
9 139393956 0
8 129899878 0
5 175474993 0
22 38529082 0
23 119148966 0
1 119016463 0
16 1808550 0
7 13517776 0
23 89136108 0
22 51118671 0
7 18734920 0
6 65292732 0
9 138690683 0
2 179616721 0
23 111795957 0
2 163696126 0
8 65122247 0
5 165385095 0
10 74149273 0
1 111525713 0
1 233174213 0
4 41265282 0
3 106327262 0
8 3526683 0
1 159721355 0
1 115075745 0
4 47404219 0
4 4842477 0
10 11615905 0
7 2108516 0
12 130110476 0
9 124661111 0
17 31972038 0
21 24533590 0
23 5236360 0
14 91774143 0
5 116123476 0
4 4607565 0
16 78084254 0
8 95042308 0
5 18919840 0
5 118523911 0
11 57098044 0
20 10942989 0
7 83292648 0
23 121301201 0
3 29610395 0
13 61195989 0
12 125531292 0
1 152697710 0
14 64695759 0
9 111389171 0
1 152189892 0
1 159331347 0
6 150654347 0
15 101869883 0
2 9830818 0
7 148697786 0
3 37542022 0
6 48002947 0
9 137301128 0
12 101647235 0
2 1103840 0
5 50908207 0
9 31305926 0
10 62670981 0
14 37754620 0
1 10796856 0
4 95648353 0
4 170951687 0
16 7848181 0
23 97535156 0
3 115689681 0
6 101835043 0
3 139654852 0
5 171918659 0
1 78957246 0
23 72989849 0
22 40048334 0
16 5658385 0
3 141333677 0
15 64433584 0
11 65563688 0
17 45289268 0
3 54966701 0
2 58135385 0
1 199831604 0
18 19087864 0
7 143981819 0
10 38248365 0
20 51114216 0
19 53561291 0
16 65119445 0
19 658581 0
10 29401022 0
8 10663826 0
10 114543156 0
12 4016053 0
21 28514589 0
3 13185853 0
17 57823468 0
1 180203926 0
10 121580420 0
4 137790996 0
1 185211427 0
20 14961427 0
17 13359826 0
22 42427166 0
7 147926849 0
8 24605983 0
7 154013890 0
13 55862909 0
5 148128031 0
1 30737293 0
13 59740060 0
5 53839043 0
1 216995263 0
7 156409039 0
4 123976781 0
19 35981549 0
17 17646922 0
12 94242933 0
3 88727462 0
4 120558779 0
8 116941212 0
10 123857898 0
7 131862039 0
12 45733452 0
15 37370952 0
17 70642464 0
16 29498706 0
1 156925233 0
7 149170455 0
6 167263162 0
4 43794642 0
3 114426677 0
7 53372721 0
13 41368015 0
14 61861159 0
8 124205075 0
2 150638277 0
22 48634845 0
2 21084358 0
2 65593569 0
18 36023929 0
13 20066474 0
6 156159058 0
5 143412784 0
8 43061657 0
3 161283489 0
4 166547705 0
2 103500399 0
3 131277396 0
14 99966461 0
3 127575364 0
2 127770741 0
18 68193657 0
5 102730614 0
17 770860 0
4 135249733 0
10 19310338 0
3 71324931 0
8 39385978 0
7 113727911 0
14 72991378 0
13 104784909 0
11 102798788 0
5 83582168 0
1 76031147 0
17 44968184 0
18 20722277 0
13 68338297 0
16 58506363 0
2 223559670 0
16 86493108 0
13 115057838 0
7 146410642 0
6 120993253 0
16 85862955 0
17 50623993 0
23 121641719 0
14 39452513 0
3 97631661 0
2 146805895 0
8 73342287 0
13 88330699 0
2 56419943 0
14 28138155 0
10 72471114 0
15 45368263 0
6 152369837 0
4 7764964 0
1 187523201 0
4 151087275 0
12 88070854 0
1 101343459 0
19 1397626 0
8 36212549 0
11 101313589 0
7 72639680 0
6 107809609 0
14 87404927 0
6 51913775 0
14 105268621 0
17 35872766 0
1 212064247 0
15 99711078 0
12 91373972 0
15 96104171 0
13 112753248 0
5 95249552 0
10 132948983 0
20 61541865 0
19 32246590 0
1 222022022 0
13 113827528 0
22 44703652 0
15 49868497 0
16 69014992 0
4 106479088 0
14 84477126 0
7 83971896 0
7 139300669 0
12 74696227 0
1 101375749 0
7 65086673 0
2 43980780 0
3 68837302 0
8 34199057 0
8 5803304 0
6 112383778 0
11 63886907 0
3 108740714 0
12 791977 0
16 53034671 0
18 13182400 0
7 4372536 0
5 68929812 0
8 3369754 0
19 29969586 0
10 129704374 0
6 153266647 0
6 70829067 0
11 23269122 0
5 164549525 0
9 24601654 0
15 61128809 0
7 145917627 0
6 12548851 0
22 24642008 0
14 34796169 0
4 23177177 0
10 100184939 0
15 40812624 0
15 63580230 0
8 23196955 0
1 99793880 0
7 122629320 0
1 31880263 0
9 86937313 0
10 30203800 0
3 105659739 0
1 21042156 0
17 49271612 0
19 5040638 0
17 38930947 0
3 16293364 0
23 38982982 0
2 14269629 0
12 55708091 0
8 23734511 0
1 11397098 0
20 39272716 0
4 169659491 0
6 17453746 0
22 49553277 0
18 2843493 0
18 76987797 0
1 151499310 0
7 81913615 0
2 176419271 0
11 1100732 0
3 12387199 0
8 84620765 0
6 51036079 0
5 115340703 0
1 202728258 0
2 231186019 0
17 20278614 0
9 32387068 0
3 114165647 0
2 98270956 0
14 35517510 0
16 82992583 0
1 219375662 0
19 36045505 0
16 78624888 0
8 1478988 0
12 120083660 0
20 53044033 0
10 9047186 0
6 51144114 0
23 150995754 0
8 37535420 0
3 156086579 0
8 85135613 0
5 122539305 0
5 66713919 0
8 20800018 0
11 108702700 0
1 26931167 0
11 41306850 0
1 11896767 0
4 120126598 0
15 30698265 0
23 128939953 0
3 157723562 0
5 116441815 0
3 73550102 0
6 23499360 0
3 185362983 0
5 25327845 0
8 59655403 0
6 30483423 0
18 66151839 0
8 83718069 0
5 76530044 0
6 99005784 0
16 1499035 0
23 18628736 0
3 116536390 0
9 104366825 0
14 30313506 0
8 20309531 0
13 113432540 0
6 125072767 0
23 6606113 0
6 170365617 0
17 48913608 0
20 40778007 0
20 62223594 0
3 180309613 0
17 79973216 0
8 58937559 0
9 2698286 0
10 131568385 0
7 90866335 0
13 71699484 0
12 71288149 0
2 70186374 0
5 131359677 0
18 47378760 0
8 110921466 0
10 21569101 0
12 19610536 0
2 176835151 0
3 15673780 0
4 189666974 0
6 19749898 0
9 33136359 0
12 112883788 0
4 86164950 0
19 32674650 0
3 20167474 0
9 74763789 0
5 104168627 0
14 87660866 0
18 62000432 0
3 86215391 0
1 55892725 0
3 159718989 0
10 10666308 0
14 93362921 0
15 38991226 0
1 41007554 0
12 22279611 0
14 78791561 0
12 24903192 0
16 600456 0
7 141136120 0
1 35243391 0
17 67008413 0
15 92988111 0
21 31708731 0
5 16413421 0
5 71411063 0
6 152432902 0
21 28853689 0
16 51387186 0
14 45565913 0
15 22442787 0
14 78791300 0
7 35428054 0
8 69641835 0
4 34955329 0
6 155402398 0
9 86927409 0
1 24749297 0
5 9890359 0
12 13688675 0
4 162871664 0
22 33345496 0
23 135706291 0
3 15237893 0
9 8116018 0
13 27485771 0
23 140219284 0
17 62243130 0
23 118756658 0
6 31002051 0
14 69144886 0
2 120440154 0
7 8683594 0
7 126418417 0
14 107064499 0
12 48284841 0
1 108628161 0
1 175546920 0
4 100826811 0
8 70748108 0
12 48704218 0
9 131156780 0
3 70581291 0
1 12422951 0
18 68284277 0
4 128858508 0
1 24585654 0
6 37614549 0
3 112346944 0
14 45358202 0
6 80412410 0
3 167727714 0
2 90199335 0
11 11563345 0
22 27081445 0
6 93932636 0
4 80104400 0
2 6044866 0
6 98598100 0
11 82704766 0
11 99409719 0
10 732292 0
9 73302564 0
18 11766121 0
1 29326071 0
1 235107359 0
14 74206564 0
5 118771768 0
2 135368388 0
13 22408262 0
3 61813726 0
9 72478210 0
2 136260412 0
2 136005152 0
23 32532255 0
9 17991764 0
8 23685566 0
10 53532236 0
2 241145319 0
4 185318230 0
16 90069836 0
5 53313020 0
9 77700483 0
5 102923736 0
3 6290172 0
9 32703747 0
16 61850943 0
9 41885651 0
3 49146511 0
1 67551209 0
14 79382409 0
18 7028920 0
1 78186890 0
14 97857732 0
1 106763066 0
8 129049889 0
11 62259102 0
23 35816968 0
5 34342344 0
2 96048210 0
23 92505950 0
9 93373997 0
23 115016208 0
9 10698813 0
6 110678303 0
2 85695458 0
6 129920705 0
2 141518602 0
6 171023895 0
7 33713568 0
10 131351766 0
5 102811905 0
16 34211022 0
12 127571508 0
8 81150765 0
2 115265022 0
10 129191953 0
6 111902059 0
10 23342618 0
6 167198538 0
8 142947750 0
12 99220387 0
7 120847702 0
4 158171635 0
4 142441716 0
7 157020793 0
15 63901635 0
2 133011119 0
10 24829554 0
20 38794938 0
8 63659609 0
4 94385162 0
3 81500782 0
6 35779641 0
16 21008156 0
15 26319161 0
7 15052708 0
20 9361214 0
17 21303041 0
6 36705419 0
21 47560541 0
11 112747406 0
2 184212866 0
11 92714271 0
12 86366590 0
12 2202357 0
15 27228117 0
19 31888441 0
17 9775462 0
4 124196481 0
11 50255435 0
10 26507201 0
5 23590881 0
12 60303281 0
2 236501881 0
14 85285226 0
9 128665055 0
14 73959595 0
5 118027167 0
14 30348322 0
4 8781414 0
4 109399125 0
8 83372206 0
14 91710277 0
6 152473647 0
15 33012795 0
4 78282955 0
1 90015070 0
4 126837797 0
18 46252132 0
11 50096843 0
16 18453996 0
3 156936922 0
2 86181751 0
18 8480068 0
3 52028041 0
5 15644629 0
16 48560247 0
10 54638888 0
13 92501664 0
6 41742446 0
17 53994488 0
16 89127006 0
4 97161520 0
5 132674944 0
2 111270103 0
8 86040580 0
9 30918585 0
16 60323683 0
2 176421892 0
8 123563799 0
3 187802988 0
2 81673338 0
1 216424410 0
17 80364208 0
4 170015177 0
3 25779989 0
6 26721677 0
1 56669747 0
10 26872754 0
9 137971551 0
5 163296885 0
12 130468703 0
1 245725876 0
10 50182028 0
1 241030856 0
9 123308492 0
7 26029172 0
1 249122532 0
9 76882133 0
11 115268910 0
11 131968395 0
1 101630349 0
19 2430917 0
20 31802884 0
5 162687664 0
1 198790499 0
20 2118295 0
15 67382402 0
14 22895962 0
2 85588265 0
12 100560174 0
23 95227958 0
12 6570346 0
23 38116128 0
18 70740361 0
1 117640778 0
11 22614325 0
7 635295 0
11 112149523 0
2 144426124 0
6 90542159 0
18 70536053 0
1 82084996 0
5 99729468 0
2 120024410 0
3 183050356 0
9 86507222 0
9 93021711 0
21 45863263 0
1 52133418 0
10 24801682 0
12 33992432 0
9 25567241 0
9 21304551 0
8 38279376 0
11 128605833 0
12 76177437 0
17 29605238 0
7 146869895 0
3 78473438 0
10 130607226 0
8 144596720 0
2 242901449 0
18 25893041 0
7 127060688 0
9 6552067 0
7 10904538 0
18 1997343 0
17 46787379 0
5 7926042 0
3 77696448 0
11 124524532 0
11 700227 0
8 88471527 0
1 180573329 0
1 85495384 0
13 99348944 0
9 140708757 0
9 44744247 0
2 74599978 0
18 34049866 0
10 83936271 0
9 33751584 0
14 21561145 0
21 28854661 0
5 144608438 0
9 139819993 0
17 33287201 0
9 65976243 0
23 104895814 0
12 62695972 0
21 19440916 0
4 47643770 0
2 74459031 0
14 70937286 0
3 175977173 0
2 229207485 0
8 124447782 0
8 77752052 0
10 34391512 0
20 60868675 0
19 33088382 0
4 44594161 0
23 121251410 0
16 80718936 0
13 49058708 0
16 72317461 0
10 87748462 0
5 53476794 0
12 55675127 0
8 140652045 0
5 137327037 0
19 2052630 0
9 35361933 0
14 66299666 0
14 79824437 0
19 8575855 0
23 142621221 0
16 10104602 0
3 110469503 0
13 80707757 0
6 166895721 0
10 1173735 0
15 65511310 0
23 131838232 0
8 129090392 0
16 58289793 0
10 70767404 0
4 80973603 0
23 123307881 0
21 27623992 0
20 22292157 0
6 74816509 0
10 102500903 0
4 112146053 0
9 96079765 0
9 103958066 0
3 123086595 0
10 13307458 0
15 25303336 0
18 55811071 0
2 77592555 0
8 72148256 0
14 51377990 0
2 179129312 0
23 31573524 0
12 71419238 0
14 65242790 0
13 37087599 0
11 45449203 0
5 136411460 0
20 47602006 0
2 166559601 0
1 239864897 0
2 238402272 0
7 42446167 0
18 18888509 0
3 34479890 0
13 44002819 0
11 132218398 0
4 36109277 0
3 6272525 0
2 155309235 0
15 55135185 0
3 89297172 0
3 38619843 0
6 22907578 0
3 77697508 0
5 169217354 0
18 2095338 0
9 121688145 0
9 27180586 0
11 19364480 0
11 20942094 0
12 6462698 0
10 83968064 0
21 26081177 0
9 91319672 0
5 51578146 0
7 35376515 0
12 91836531 0
12 22192539 0
11 17000060 0
12 66267575 0
13 106214213 0
3 16573749 0
17 53796960 0
2 105476462 0
13 25510515 0
12 5368958 0
5 2971240 0
18 76710060 0
20 53239087 0
5 12285114 0
16 56828083 0
3 106927458 0
8 110852858 0
6 75875492 0
17 13871935 0
9 4463880 0
5 140871885 0
9 13113801 0
10 69999346 0
17 22037885 0
9 20025586 0
2 118281473 0
11 56258828 0
8 117542062 0
3 4896919 0
5 175120383 0
10 75104915 0
8 128862218 0
12 114809184 0
8 3319513 0
6 137677281 0
20 12866585 0
2 23461149 0
19 31888069 0
8 52272143 0
8 84355449 0
5 71330444 0
10 54909160 0
17 70631192 0
14 101286178 0
4 138796217 0
14 98592346 0
3 72588550 0
1 1737747 0
9 13163433 0
3 102058507 0
7 15667417 0
2 237975707 0
12 128890722 0
3 69245743 0
1 175064635 0
8 31030811 0
17 7135872 0
9 136388269 0
21 32547695 0
15 63900395 0
18 63771742 0
2 239703782 0
21 41465090 0
12 9750735 0
10 117885724 0
1 84276673 0
3 12270004 0
11 84818064 0
10 110780910 0
16 1236571 0
22 36585728 0
8 126374008 0
6 168482729 0
22 51157522 0
15 42224491 0
20 9487702 0
5 67324484 0
23 12213163 0
9 120464669 0
7 97257668 0
8 107386249 0
2 97610963 0
19 1535522 0
3 153097745 0
5 66192442 0
2 79611897 0
1 112420852 0
16 15017414 0
13 78961806 0
7 110808414 0
17 69006673 0
10 126341602 0
16 19085360 0
5 91318030 0
17 35509680 0
15 63670743 0
18 44260283 0
9 125516331 0
11 70666429 0
10 34872970 0
2 237692361 0
11 19684092 0
10 113212103 0
3 176096718 0
6 170372415 0
21 39804492 0
2 197785113 0
14 55571207 0
4 58129669 0
2 201054869 0
18 39155811 0
9 137281028 0
5 9713195 0
18 19914902 0
19 6000873 0
15 78231535 0
11 43125212 0
12 114241261 0
1 106913189 0
9 138397189 0
13 113668957 0
11 78492955 0
8 106731045 0
9 10076618 0
11 46052623 0
22 24982054 0
14 34049729 0
7 98365265 0
6 123101457 0
13 62131439 0
8 118049714 0
9 118623706 0
4 151852074 0
12 9148752 0
13 60659812 0
2 138096855 0
12 24287059 0
12 40040689 0
6 132153710 0
4 157852098 0
16 57823007 0
15 43695742 0
1 1889107 0
5 59182994 0
12 75958217 0
20 17437266 0
3 85964131 0
15 100091810 0
11 37998185 0
1 6521981 0
15 79028907 0
5 101623902 0
14 65722584 0
8 8512918 0
17 31366385 0
10 19525266 0
2 10787143 0
10 8719798 0
20 62869710 0
9 114859639 0
23 137200210 0
10 25632712 0
11 47518200 0
11 19504020 0
2 30460040 0
15 82244804 0
7 19874254 0
23 152345284 0
23 19736173 0
8 96228531 0
7 46900899 0
19 28414645 0
4 186719652 0
10 54465405 0
18 41516533 0
6 31729297 0
2 147040955 0
14 72373475 0
17 73570847 0
5 952234 0
3 95691445 0
10 65325414 0
4 6547774 0
1 179512604 0
11 89708678 0
3 11664292 0
5 31983760 0
5 147685362 0
9 103531313 0
21 35706522 0
5 76577950 0
10 67818475 0
1 43422694 0
10 83256180 0
16 88472114 0
9 21028665 0
1 74174659 0
3 186506393 0
14 62331446 0
8 109678787 0
2 101044199 0
5 159190948 0
3 37709756 0
18 10253978 0
1 210847682 0
6 133998554 0
2 215377611 0
4 58656104 0
1 15912674 0
12 118473256 0
7 93770785 0
9 21696254 0
9 91698121 0
1 44156477 0
6 15473279 0
2 61429094 0
5 160971976 0
11 7265308 0
18 34915316 0
7 153733681 0
10 94347116 0
8 61769481 0
8 59924908 0
1 198779481 0
5 42369805 0
6 72668931 0
3 61172162 0
18 65659098 0
11 121404862 0
4 177692908 0
15 20126235 0
5 166445782 0
3 194129373 0
16 17543183 0
16 17703235 0
5 64242090 0
20 11921084 0
5 166217514 0
22 46786249 0
17 78904873 0
4 147399111 0
15 99481729 0
18 74653392 0
21 21120160 0
2 88066175 0
8 113184343 0
1 32832895 0
4 4226882 0
9 43091608 0
19 35514883 0
6 39850292 0
13 111750489 0
11 32023481 0
8 60956186 0
1 41115248 0
4 27363708 0
11 68972561 0
4 100911887 0
16 29268206 0
13 36830049 0
13 26324969 0
23 40240616 0
6 112157192 0
20 34229549 0
7 111847533 0
1 103467745 0
2 48711522 0
2 66305939 0
1 227694908 0
7 70814320 0
12 6081758 0
4 117273000 0
8 16241429 0
7 78103510 0
3 147372623 0
3 17883345 0
11 131683533 0
4 65348343 0
12 130744726 0
2 120743406 0
3 156149311 0
4 124627813 0
9 119076936 0
20 39036464 0
20 40930610 0
16 407806 0
12 129018895 0
17 48448022 0
1 30585454 0
9 100138047 0
21 29487005 0
8 36633373 0
22 39180176 0
13 57738346 0
11 102713480 0
11 12613775 0
3 194235456 0
12 72184572 0
3 78697093 0
9 6271450 0
13 25785677 0
9 34968601 0
3 128077601 0
5 2465489 0
3 117543772 0
1 83372661 0
6 136423182 0
12 128597126 0
6 23641613 0
8 66958512 0
1 64349886 0
18 34802290 0
20 46585866 0
1 59763812 0
4 164395149 0
11 125613178 0
6 20340390 0
6 13351841 0
7 8567548 0
8 59974381 0
2 146672355 0
3 58055436 0
21 36090334 0
1 184250526 0
3 56658409 0
7 1094186 0
2 35910416 0
7 111425427 0
7 14176551 0
4 140277831 0
6 164340534 0
2 26608432 0
2 218819903 0
8 32227036 0
11 15646054 0
7 81988440 0
2 61350502 0
1 97418848 0
16 14413701 0
1 69289612 0
7 157941604 0
10 70731754 0
4 23115947 0
8 110909940 0
5 174508005 0
10 105466801 0
4 3489678 0
7 114338587 0
14 104502776 0
11 15984810 0
17 34569471 0
1 162729660 0
19 41894076 0
4 127695240 0
13 43919713 0
9 42353957 0
4 7027740 0
8 62343109 0
4 25635334 0
14 34269990 0
9 80219508 0
6 28829262 0
3 34915867 0
20 4791195 0
4 104414319 0
1 177443215 0
1 219978709 0
5 129102667 0
23 9988515 0
3 153524476 0
8 54556311 0
17 31504682 0
12 78474221 0
17 75503345 0
23 106034451 0
23 28823350 0
18 27535799 0
2 155070532 0
20 62677984 0
13 104858345 0
12 92014608 0
23 1720707 0
4 25886736 0
6 142647351 0
13 105062975 0
2 5853258 0
5 134503369 0
2 207952549 0
1 238630317 0
9 125903149 0
1 4787495 0
4 142943132 0
2 208760169 0
8 129677083 0
4 161274563 0
8 24337845 0
6 163801308 0
18 55923129 0
5 160959934 0
1 243558651 0
6 36276192 0
3 7797742 0
7 69068914 0
9 134917430 0
20 7369815 0
1 177012551 0
2 108373768 0
20 25723106 0
7 143959398 0
14 102422195 0
20 31106987 0
2 212716380 0
9 140114484 0
11 131820214 0
1 35250860 0
3 163652304 0
23 28615062 0
12 84693657 0
22 28413126 0
10 78871338 0
2 187867467 0
9 28365508 0
17 31073074 0
5 163635996 0
5 15508724 0
2 56821863 0
23 147554620 0
3 177241077 0
3 26503811 0
16 21568444 0
2 10132702 0
13 77284883 0
21 46447430 0
3 5307316 0
5 129432427 0
6 133320488 0
18 2461290 0
1 1232887 0
11 101895347 0
10 71163449 0
2 12483825 0
5 45038955 0
2 45898520 0
10 76589170 0
5 23524366 0
6 51005285 0
11 4466374 0
4 28327558 0
1 166355596 0
6 31578963 0
6 47274652 0
4 90981124 0
2 210053240 0
7 145934144 0
12 21531281 0
7 23352313 0
7 83607663 0
12 30740187 0
8 59440212 0
19 41593580 0
3 157852755 0
23 29974053 0
23 120099159 0
8 36872930 0
10 92336260 0
1 230415086 0
5 167542661 0
22 29203951 0
8 145770857 0
9 13322967 0
12 121174236 0
3 60579074 0
8 8353538 0
14 85977379 0
15 88586514 0
12 94631495 0
10 121126734 0
5 145088447 0
21 47962554 0
20 61068590 0
18 28056803 0
1 20273802 0
13 25656816 0
7 84145043 0
3 22708222 0
2 229963577 0
7 30025331 0
14 98707771 0
17 79772356 0
1 170633623 0
3 61260760 0
15 23867008 0
14 77467375 0
3 27828228 0
4 122597090 0
2 11577945 0
8 74079907 0
2 52363118 0
10 114470334 0
5 31295450 0
15 56120673 0
9 23416087 0
9 109002213 0
3 139609651 0
14 58447994 0
12 66122056 0
11 67067017 0
1 37785262 0
12 12060145 0
16 49318428 0
4 109657846 0
3 30623870 0
2 70399851 0
6 102857162 0
14 49957194 0
1 80116733 0
17 35251627 0
4 58222145 0
12 39284491 0
10 130778001 0
21 46957355 0
2 98964776 0
23 87664231 0
9 130891713 0
5 53654236 0
18 29160624 0
4 128722391 0
18 53188998 0
16 3715259 0
10 21604128 0
10 38606056 0
9 38722609 0
11 90241290 0
11 23146336 0
3 7105084 0
4 58536741 0
12 26379009 0
18 61546717 0
7 72598069 0
23 32080595 0
13 69638830 0
10 121254279 0
13 33522087 0
16 16248773 0
9 37636996 0
11 451948 0
23 55620178 0
15 94151722 0
11 83315505 0
5 128713312 0
16 77622682 0
15 55812238 0
5 124757952 0
15 27588357 0
1 219856879 0
8 125594312 0
4 168095960 0
9 78188459 0
5 34192985 0
4 182116522 0
3 122341985 0
6 13223762 0
6 7127863 0
1 189803917 0
7 157941034 0
5 9528135 0
2 101507795 0
2 141803418 0
10 122982766 0
7 133003224 0
2 109805166 0
23 139890625 0
12 77839840 0
19 31830754 0
13 82493099 0
16 6268163 0
8 23111591 0
12 29223024 0
12 54288460 0
3 116945386 0
9 14660946 0
6 149586022 0
4 174438420 0
18 32227126 0
9 139868750 0
2 105886070 0
11 83417872 0
11 68822844 0
12 48057366 0
8 135150879 0
4 17591447 0
21 34509295 0
4 181827363 0
8 1185354 0
18 57320357 0
12 133146433 0
9 86436516 0
1 14088935 0
12 119882069 0
6 115084359 0
5 20801795 0
15 100535948 0
3 124725714 0
1 32848576 0
7 4741933 0
2 77623797 0
16 83611338 0
23 49323168 0
4 164019486 0
4 78063643 0
9 82952545 0
6 97381789 0
4 157680960 0
13 101991876 0
8 116166293 0
3 52112277 0
7 36069581 0
11 56184554 0
4 9932094 0
2 101498472 0
23 22502493 0
13 94007305 0
14 70308712 0
19 29889950 0
5 72518382 0
5 9334591 0
8 142648493 0
3 64752593 0
13 56412870 0
1 204986699 0
11 89000503 0
15 46557463 0
3 89152353 0
11 88291458 0
4 66769772 0
7 2093951 0
1 118130984 0
11 117929254 0
9 101876820 0
19 58629988 0
23 93338318 0
4 7987231 0
7 155130631 0
14 85207908 0
4 144309083 0
2 98341625 0
15 53956239 0
17 50958407 0
20 46305636 0
7 132128321 0
5 142401096 0
9 125551786 0
11 3416916 0
9 79152490 0
14 38051303 0
1 241346658 0
3 66433745 0
18 73023911 0
22 43532889 0
13 49554864 0
12 67838686 0
6 70135957 0
7 45280318 0
18 42119183 0
4 59234042 0
1 193312260 0
16 69276620 0
4 182481875 0
18 70034418 0
3 71081100 0
9 29317652 0
6 163763230 0
11 132712160 0
4 106915473 0
8 15853952 0
22 49221339 0
4 56732044 0
8 48696328 0
17 74354109 0
2 35058413 0
11 34588755 0
11 72636703 0
10 57876993 0
1 33403387 0
20 16465566 0
10 37683596 0
6 23454451 0
2 166052924 0
23 73812043 0
16 81944328 0
11 107683590 0
6 164507259 0
12 85906103 0
10 133233411 0
7 103598052 0
18 66255652 0
3 89497272 0
2 25620243 0
2 240052775 0
7 135628191 0
6 80383738 0
5 166303632 0
1 29452016 0
12 28767553 0
4 90327921 0
14 101595763 0
6 119345356 0
10 60602473 0
23 142400792 0
3 6685043 0
11 55702223 0
8 56495349 0
4 153187554 0
12 33205656 0
7 36950432 0
7 3957801 0
1 42572220 0
12 45581549 0
19 4690634 0
12 107233951 0
4 117245515 0
12 79122054 0
2 212571107 0
2 201904958 0
1 112369081 0
7 101763932 0
8 143017101 0
3 105263654 0
4 147311880 0
19 13409288 0
15 99329125 0
18 64073693 0
13 104796588 0
2 127849557 0
5 54623585 0
10 59134971 0
8 58143229 0
6 114350666 0
1 4556632 0
11 103640608 0
1 90747525 0
13 84916953 0
4 815464 0
5 110344046 0
1 63138756 0
23 25192130 0
21 42601193 0
9 105692799 0
1 76087081 0
14 68036863 0
13 74905524 0
21 25635152 0
5 29304499 0
10 3314471 0
19 5595577 0
20 15454456 0
1 187082187 0
6 78379396 0
9 13977042 0
8 1845985 0
19 7655637 0
9 13439759 0
11 55550898 0
7 111617175 0
16 67381411 0
2 229995023 0
12 16066264 0
1 30283977 0
8 103075482 0
13 43825374 0
23 21676454 0
4 53109347 0
2 187229745 0
20 15281693 0
1 215993055 0
2 200633057 0
10 69915392 0
6 109538347 0
12 81132233 0
16 15952484 0
9 120063004 0
17 1081944 0
5 77161283 0
12 18466956 0
17 62140950 0
2 112677799 0
7 101986487 0
7 149575838 0
3 191918767 0
4 7581566 0
15 75996919 0
1 145578141 0
13 80171888 0
1 63460818 0
2 140819723 0
4 20272652 0
10 132185037 0
1 93497442 0
11 80460332 0
3 71805766 0
21 42482767 0
10 134615051 0
19 40822816 0
3 164596629 0
3 31669102 0
6 131187533 0
2 201245082 0
8 81901237 0
10 83995386 0
11 36890234 0
3 175563144 0
14 62733407 0
6 120897506 0
2 23447435 0
12 30234766 0
7 16437306 0
6 87086802 0
3 173768900 0
22 45325379 0
8 136402726 0
17 38452797 0
22 46404955 0
21 37611065 0
16 4016498 0
9 136670815 0
2 224047734 0
3 137728229 0
2 159965199 0
15 80977929 0
8 129483476 0
3 174676399 0
3 61565087 0
11 107556474 0
20 62902154 0
8 143537825 0
2 170568721 0
15 62611930 0
5 141606443 0
11 133853185 0
14 94862544 0
2 146188429 0
8 99954913 0
3 81273563 0
5 12973427 0
17 53382307 0
9 138005460 0
10 36709717 0
4 185843417 0
3 4797960 0
12 128273347 0
15 74153714 0
19 30871382 0
5 1290352 0
9 23983630 0
6 57725984 0
9 120354020 0
9 90225280 0
5 89162484 0
5 121433494 0
4 13224735 0
21 42325809 0
9 38423813 0
14 106102131 0
18 51289987 0
18 62671560 0
5 151328931 0
4 117067786 0
7 51934245 0
10 53510039 0
20 49945848 0
12 53112006 0
8 20738394 0
6 121219048 0
18 11766120 0
1 197204434 0
9 66960804 0
2 59726086 0
12 123743193 0
18 11424832 0
9 29772919 0
9 83691815 0
5 4307185 0
7 36043487 0
2 66490555 0
1 143398887 0
6 144952476 0
7 26709214 0
5 20919832 0
1 164753007 0
5 4653576 0
6 23775700 0
21 14982778 0
16 60438983 0
19 30642905 0
3 3058740 0
20 12910393 0
5 14427580 0
1 108084812 0
14 53588903 0
2 186500873 0
6 307765 0
4 100117606 0
7 4806876 0
6 23146947 0
20 37679847 0
18 36042875 0
14 99274157 0
9 6113536 0
13 38937839 0
11 81903056 0
4 135729933 0
19 10469958 0
20 34583294 0
20 9365057 0
3 5493506 0
4 97733957 0
2 74338010 0
16 1903749 0
13 99321980 0
15 28147938 0
11 113631621 0
5 33959073 0
4 163494500 0
5 123288674 0
4 110091792 0
2 160024203 0
17 66425281 0
11 5488972 0
2 197122373 0
2 173600452 0
7 146477033 0
2 32568073 0
10 123436568 0
14 23316689 0
4 187409253 0
10 59904270 0
1 70342302 0
2 6734206 0
11 38568395 0
6 97113368 0
7 31815296 0
22 24690859 0
15 102194582 0
23 85986768 0
4 126471847 0
15 100519837 0
6 9235085 0
7 123176606 0
2 59981294 0
18 59150437 0
3 10524788 0
6 86244620 0
4 180242405 0
10 122819194 0
15 69019506 0
2 217016104 0
8 103462766 0
20 39067968 0
3 53707883 0
1 169660494 0
3 15314846 0
8 143655691 0
2 183745563 0
17 60756504 0
13 95709992 0
10 134115227 0
10 88973836 0
23 49204839 0
17 76607513 0
15 29296191 0
20 56891695 0
4 102954730 0
14 82348289 0
1 24101986 0
12 116402956 0
1 33878004 0
4 111534447 0
6 124717230 0
3 174853544 0
22 19182947 0
2 73760938 0
8 88231377 0
8 51038780 0
16 22753167 0
5 11908372 0
8 56908892 0
5 19056548 0
14 34629797 0
4 182704494 0
2 206043384 0
2 107131250 0
6 161012491 0
8 125579975 0
17 64889690 0
19 14630544 0
4 42497303 0
14 39322202 0
5 36613195 0
11 49584009 0
2 199712019 0
10 132966410 0
13 113834048 0
4 174801497 0
8 144292527 0
2 163253865 0
17 64546244 0
8 90984369 0
8 31063026 0
5 149952181 0
12 17786436 0
3 128191337 0
12 99938570 0
2 168323979 0
1 158097892 0
11 99976043 0
2 63858896 0
2 46103623 0
3 98500538 0
8 126807623 0
12 133370773 0
1 156264332 0
8 53321750 0
5 176761456 0
11 132005118 0
3 76130675 0
17 8424405 0
5 102701383 0
18 5060579 0
3 20325663 0
13 53818578 0
7 42805827 0
8 7701391 0
5 159188721 0
5 7280874 0
18 32100658 0
3 99514743 0
13 71164201 0
23 12009994 0
4 58312493 0
5 152820611 0
4 173751746 0
5 8137968 0
2 223983025 0
5 14591461 0
19 41048268 0
3 37458630 0
12 40645170 0
16 18479718 0
10 85217410 0
17 55641412 0
17 70503786 0
9 8454462 0
13 31114043 0
10 716356 0
2 222251165 0
21 44010672 0
23 30951848 0
7 127361672 0
11 133070145 0
14 43360388 0
3 36898438 0
13 114164667 0
8 12290845 0
23 69165911 0
2 109540123 0
11 67200966 0
9 66107301 0
6 23880087 0
11 1319555 0
3 124208242 0
14 104208034 0
18 27320425 0
4 73442794 0
13 39539623 0
5 58449832 0
13 95708171 0
17 74475439 0
16 57092950 0
7 87168026 0
8 100295802 0
2 830044 0
9 89193485 0
11 67200965 0
2 233305016 0
1 98511157 0
6 155600374 0
12 2525217 0
1 157001664 0
4 80335354 0
13 50123645 0
12 59657298 0
9 76753445 0
18 67326539 0
18 11084541 0
14 85194146 0
15 59743097 0
1 53771501 0
23 19111919 0
6 94994346 0
17 8596796 0
7 123282099 0
2 68758890 0
4 112508686 0
13 22375738 0
4 2809417 0
1 205401228 0
12 48143541 0
1 231169969 0
1 227148907 0
2 8635349 0
4 28737331 0
22 42732501 0
8 84087717 0
15 43831723 0
5 66702821 0
4 8354500 0
12 37938339 0
5 37828234 0
11 133836829 0
22 51120335 0
8 145770858 0
10 134280700 0
17 40279320 0
9 101557821 0
4 112512642 0
11 12900572 0
5 177389760 0
4 142656730 0
6 22151473 0
3 151166249 0
8 13202257 0
4 13481136 0
13 53805845 0
14 48089672 0
10 98704376 0
3 28361633 0
2 39271044 0
11 112177984 0
3 79202364 0
18 28070041 0
13 83724353 0
12 100903677 0
7 22168395 0
3 72471 0
10 43745361 0
6 77762735 0
1 74223100 0
1 155700704 0
7 155439673 0
2 96454663 0
4 148584847 0
17 32764473 0
3 14462531 0
6 64567506 0
16 75564090 0
3 150901441 0
3 89221539 0
3 23711180 0
3 75935510 0
4 145861070 0
7 43552958 0
5 9701611 0
4 93226542 0
17 15471498 0
17 27966160 0
8 58128928 0
6 69974911 0
2 172145392 0
8 57227841 0
12 64370896 0
12 33034103 0
2 45160827 0
5 106873945 0
13 49896012 0
14 32904742 0
3 69093810 0
12 27925630 0
2 18418054 0
5 83023023 0
8 52577097 0
2 159497331 0
3 16536086 0
1 97312723 0
3 18085897 0
1 3159721 0
4 25087441 0
3 12323814 0
5 6557416 0
13 114325799 0
13 34407035 0
20 14697554 0
19 5582317 0
1 164965031 0
8 63262166 0
2 73311970 0
5 83936344 0
16 54087903 0
5 7018322 0
1 168667160 0
14 40817020 0
5 40095817 0
10 98790382 0
1 83894730 0
15 85806096 0
2 12576128 0
16 13030776 0
17 45053075 0
4 177346147 0
7 148800766 0
4 67661649 0
12 9547662 0
6 133165887 0
1 15703597 0
17 56159735 0
19 14299106 0
9 82246593 0
13 109076550 0
2 140137585 0
23 832751 0
1 187602233 0
15 80174490 0
3 65010282 0
5 44430826 0
10 110409737 0
19 58951007 0
1 107766932 0
4 96256241 0
12 31950518 0
6 124605275 0
14 78398029 0
15 38106269 0
14 75099024 0
6 117778425 0
16 84811349 0
14 105106888 0
16 60769568 0
9 97695467 0
15 85212877 0
6 42902285 0
1 203395720 0
18 63543701 0
18 77638340 0
1 2037870 0
2 46250458 0
3 102980671 0
5 156041580 0
7 92238247 0
21 45721745 0
4 118894390 0
2 135435932 0
7 69738602 0
6 92584857 0
11 49845394 0
21 31830132 0
7 9807029 0
18 57494195 0
7 44920466 0
13 26321715 0
18 25344367 0
10 132461245 0
2 105360999 0
6 116106840 0
2 25075414 0
1 157652952 0
2 1284714 0
15 78159911 0
23 37431551 0
6 167567353 0
2 45469747 0
4 62057888 0
4 11441743 0
3 170303890 0
14 104799367 0
17 31541099 0
5 1084645 0
12 109961452 0
2 32770223 0
8 65606326 0
16 20952781 0
22 44413813 0
16 11219445 0
8 114897755 0
6 170597714 0
4 100261754 0
8 2041592 0
5 60047506 0
1 228787342 0
4 179901104 0
9 15129986 0
4 161433732 0
2 165237597 0
10 129352691 0
3 71436428 0
7 12942349 0
19 3548326 0
15 20802007 0
5 39373449 0
11 125224714 0
5 160029586 0
18 44936857 0
1 54835125 0
4 36649073 0
4 54524163 0
10 82473975 0
9 97376904 0
17 50900137 0
2 234437110 0
14 91087848 0
3 124060231 0
4 78212808 0
4 96044151 0
1 90877388 0
4 106448209 0
1 174289030 0
12 111585354 0
7 129385430 0
2 37561675 0
7 86387840 0
1 37503856 0
1 149811971 0
23 17254519 0
10 128182587 0
15 71859512 0
1 181574280 0
17 64779065 0
5 92814627 0
16 59931556 0
11 23374813 0
11 57114032 0
21 32449533 0
7 30395201 0
6 151079947 0
15 53844604 0
11 100141702 0
4 35811870 0
12 20739302 0
5 45895934 0
11 57264143 0
2 210500314 0
14 104179123 0
5 169538821 0
1 193657341 0
6 7672834 0
10 43588282 0
9 120174583 0
6 77253267 0
23 153523806 0
11 66743884 0
6 101709351 0
11 16421505 0
2 29575258 0
2 218800843 0
8 142390100 0
6 148866084 0
3 114265513 0
14 24760153 0
13 50820299 0
23 41774387 0
5 37115364 0
20 10503873 0
2 34736931 0
3 82848808 0
3 177596161 0
7 97808520 0
23 117647861 0
2 78174181 0
18 58147878 0
12 82251893 0
13 23639778 0
18 5393187 0
10 123130052 0
11 94773691 0
3 50212428 0
11 68922733 0
8 62919828 0
6 135871512 0
16 34289329 0
15 27452777 0
3 36324446 0
10 105420391 0
15 83805512 0
5 53827313 0
4 123689607 0
6 3892715 0
4 173702712 0
5 125636910 0
22 40697129 0
8 127421944 0
18 55836897 0
10 8640270 0
4 85416951 0
2 127954170 0
1 11423271 0
4 122317374 0
17 77275597 0
15 87714859 0
6 33672668 0
21 40408720 0
8 32303006 0
6 79860442 0
12 94659436 0
7 131308448 0
3 109236992 0
14 54676141 0
17 30131453 0
22 33786545 0
16 81161403 0
22 48550775 0
1 118687305 0
20 57871826 0
13 85771290 0
11 6104051 0
10 129704937 0
5 165934778 0
2 130920737 0
2 57771154 0
13 44543782 0
7 27968888 0
6 132299804 0
2 172583315 0
14 73395638 0
2 226760979 0
18 62229639 0
9 13061534 0
5 86052626 0
21 32153899 0
20 15366190 0
1 76508084 0
8 76853095 0
19 12875645 0
23 74185850 0
1 193252595 0
12 32775218 0
23 5825729 0
4 122880508 0
5 134837993 0
11 62063450 0
16 2148664 0
4 61270176 0
2 75782714 0
17 67622533 0
1 154819633 0
23 122627707 0
14 71461790 0
17 27085267 0
14 95889121 0
2 38487633 0
15 58443996 0
5 59049310 0
5 111096716 0
4 64704001 0
23 43333404 0
11 81131618 0
12 125168153 0
4 164826298 0
1 40455062 0
7 63964663 0
10 358934 0
2 187333281 0
6 38545385 0
5 122427662 0
10 24548686 0
2 6816458 0
12 71020562 0
10 10743784 0
11 74680673 0
1 54793033 0
22 50478335 0
17 65287300 0
3 9335129 0
12 54369043 0
2 40365614 0
15 101344431 0
3 148857837 0
1 188422484 0
3 191142029 0
2 96619787 0
8 142181700 0
13 80441252 0
1 228987714 0
1 183522550 0
6 139063166 0
2 232527712 0
6 6143936 0
9 83336597 0
5 7446853 0
1 63396469 0
14 34320201 0
10 27577107 0
4 132659298 0
11 108086314 0
9 86547849 0
2 234179675 0
7 154645399 0
5 167889902 0
2 108482986 0
19 883424 0
6 102059695 0
2 204950818 0
4 114426173 0
1 20915410 0
17 77598424 0
4 89334599 0
1 161576133 0
13 24879702 0
1 4041756 0
16 14294495 0
10 100466693 0
23 11990336 0
4 148770672 0
5 5483561 0
11 25225761 0
1 54172340 0
18 63858132 0
17 27301359 0
18 68423017 0
18 66154965 0
7 44306602 0
15 80383537 0
21 37833888 0
22 47412223 0
7 3795898 0
13 59909803 0
3 25033538 0
5 159404298 0
3 14243999 0
7 101370367 0
7 82188888 0
17 75591366 0
2 23735753 0
8 27069704 0
23 41737311 0
12 123931011 0
20 51954189 0
18 4257045 0
17 68183193 0
2 168953041 0
11 23723904 0
18 53962607 0
2 230745033 0
10 38897692 0
7 153527735 0
13 77895748 0
21 36835950 0
1 169899104 0
13 73479923 0
1 74115342 0
1 59572333 0
7 31418477 0
7 121863407 0
4 148859843 0
17 61792790 0
23 140266610 0
7 107427605 0
2 151795730 0
7 121777767 0
14 96382074 0
4 103318851 0
11 15850318 0
6 54614900 0
10 100242388 0
7 37438839 0
7 27559718 0
12 78313818 0
7 145685943 0
13 101018620 0
9 37428495 0
16 32204257 0
8 54164529 0
13 31753424 0
15 89955905 0
8 135572860 0
11 15397900 0
16 82524094 0
3 47036951 0
18 20008834 0
3 40272794 0
16 84301329 0
3 96813092 0
3 33194770 0
11 56344620 0
4 24278472 0
2 98994936 0
6 88577418 0
23 28141736 0
1 17511461 0
10 11330482 0
1 235256436 0
8 28183240 0
14 39958169 0
18 44015530 0
4 137305064 0
2 88019553 0
4 7700069 0
9 24520088 0
4 65475985 0
7 106163072 0
3 112641502 0
12 75167595 0
3 122997133 0
21 35924700 0
20 35962272 0
4 49052177 0
6 154459063 0
2 119066289 0
9 30689856 0
4 158805598 0
6 50481983 0
9 5301672 0
9 112591100 0
6 134152716 0
2 197526550 0
8 77439911 0
5 87949504 0
22 44853890 0
4 109254739 0
1 21813944 0
3 149339343 0
11 97781203 0
3 32514321 0
7 19965776 0
6 30623004 0
10 116271059 0
7 72712249 0
6 5024332 0
15 32706127 0
7 74065855 0
3 189719030 0
16 21147692 0
4 133534273 0
10 59029793 0
15 23678836 0
5 67810808 0
19 277272 0
9 44272641 0
1 105606999 0
10 111972794 0
3 196285021 0
10 36681149 0
12 92032184 0
8 143543216 0
4 66672557 0
1 248060543 0
20 56599851 0
1 109003002 0
17 39632702 0
2 212509703 0
1 144301461 0
19 16630218 0
12 92653852 0
5 156738819 0
19 58205044 0
3 188135732 0
16 48105854 0
21 29024786 0
4 43390244 0
7 121277800 0
3 165845726 0
6 25482222 0
9 38362314 0
7 111229864 0
7 31046639 0
9 1049741 0
23 5475380 0
7 69482514 0
11 58972166 0
18 9854358 0
13 54006970 0
7 105791010 0
7 92593823 0
4 42882322 0
7 142134419 0
10 18371708 0
16 88032489 0
2 124050623 0
9 126892281 0
4 169447147 0
7 31456751 0
9 2622803 0
20 871073 0
4 98357328 0
19 44495972 0
10 57547135 0
1 92214610 0
2 151903370 0
5 122426400 0
19 18884513 0
8 6437276 0
16 89335234 0
17 28778834 0
6 136053501 0
5 124571807 0
17 28214494 0
16 89129391 0
10 94138533 0
2 121730391 0
23 12829108 0
3 41167395 0
2 28057032 0
6 35259498 0
6 70843503 0
14 102684299 0
17 14294129 0
22 51119022 0
9 112072976 0
1 31906940 0
15 70402719 0
2 203640813 0
6 47086317 0
5 158533374 0
20 60082503 0
5 177407830 0
2 127820181 0
7 26051735 0
14 106083403 0
5 122095197 0
10 15469852 0
6 115782580 0
15 91502616 0
2 192397962 0
3 59680963 0
23 7268004 0
5 16079092 0
15 58661347 0
3 73347874 0
3 111603929 0
4 111419856 0
12 132982526 0
23 153581666 0
16 6962197 0
4 134638185 0
2 53047123 0
11 26742862 0
4 143091126 0
1 75877077 0
8 20733025 0
5 83314394 0
1 76082447 0
12 132366943 0
10 107739058 0
14 98105596 0
11 126859744 0
11 1100731 0
17 78353232 0
21 19376733 0
13 104531236 0
6 48186821 0
1 226259171 0
8 59498320 0
3 100458809 0
16 1069838 0
20 59923036 0
6 153912284 0
11 83236446 0
17 55718757 0
1 118389606 0
4 96594586 0
3 52940405 0
14 57392927 0
6 120543732 0
3 72964444 0
17 40363836 0
16 4030153 0
12 44467396 0
9 112950580 0
2 132304089 0
3 86426530 0
8 29446866 0
18 75709931 0
3 139674051 0
14 76445123 0
5 36692493 0
2 26536376 0
14 33362955 0
4 188071017 0
3 164464992 0
8 49420679 0
1 23438863 0
10 28649075 0
4 114606215 0
14 46965247 0
11 128336187 0
3 51387477 0
14 46740592 0
8 133377440 0
10 122340678 0
3 5208940 0
4 29902928 0
2 41187273 0
16 77339624 0
7 13567185 0
14 99706054 0
16 89055441 0
11 29047401 0
11 115227987 0
4 169567383 0
5 161882900 0
15 63087633 0
11 118520458 0
16 11802197 0
6 48006610 0
13 106489532 0
2 112435358 0
2 144734206 0
22 45348259 0
4 114614758 0
14 58633593 0
15 61181790 0
1 157333916 0
11 133172528 0
10 55971619 0
13 114279652 0
6 136307045 0
3 54885077 0
13 70486752 0
8 15343071 0
3 118350141 0
6 50187609 0
4 80076807 0
6 81031571 0
4 20813951 0
12 102786206 0
2 56254303 0
7 133087006 0
10 11911449 0
7 8127717 0
6 94487751 0
1 179606422 0
9 138942445 0
9 129095270 0
11 3114607 0
21 22802092 0
17 8374759 0
4 129094381 0
11 19749427 0
13 52882262 0
6 107296349 0
2 169372651 0
22 41753615 0
13 100190375 0
3 178998874 0
3 143153752 0
8 67750778 0
2 99448194 0
12 40379980 0
10 18649596 0
20 32499981 0
5 147231997 0
16 15150701 0
23 48792556 0
4 9341397 0
11 61061698 0
13 25636824 0
12 45887150 0
1 142851570 0
3 191467797 0
4 114064854 0
17 66770018 0
15 74592376 0
3 82215160 0
20 33597688 0
2 222350059 0
18 40440820 0
8 25829606 0
7 12239469 0
4 30118282 0
6 142934214 0
8 60986226 0
4 140524390 0
1 110317856 0
1 7503458 0
12 2040570 0
5 1222973 0
17 30822305 0
8 124026608 0
23 116128966 0
3 112171004 0
9 134333306 0
2 54896546 0
11 32993656 0
11 120176147 0
2 226335994 0
13 112834299 0
14 45973760 0
16 11035772 0
1 118931694 0
11 47347884 0
11 46478342 0
4 75627444 0
9 6434007 0
13 66505383 0
17 27460493 0
1 242256491 0
9 109905190 0
6 49486296 0
9 65494214 0
16 27233962 0
9 77110286 0
23 80002551 0
14 88946091 0
4 64478309 0
4 123006954 0
6 33496803 0
16 3293795 0
1 70150554 0
16 734861 0
9 123201852 0
23 22929458 0
6 13368435 0
1 84941190 0
10 60031465 0
1 11816059 0
20 41778359 0
23 56151449 0
11 81798178 0
1 234464914 0
2 144095931 0
21 43976281 0
8 11199597 0
5 173314301 0
2 198948823 0
6 47891602 0
13 110815314 0
22 19798888 0
5 132866132 0
5 90230346 0
18 71868178 0
2 95709720 0
3 186415812 0
3 172777671 0
7 107587530 0
2 180822474 0
1 219556445 0
12 93452316 0
5 71901096 0
10 51873935 0
18 2987517 0
2 100816104 0
2 152361337 0
3 168876695 0
8 124357251 0
18 3870854 0
7 53612266 0
1 112866481 0
1 111392569 0
17 26076792 0
11 32346945 0
10 128991859 0
20 47201684 0
7 6979487 0
5 150401847 0
19 22646813 0
5 10478275 0
1 215237854 0
17 50364848 0
2 7408105 0
4 29943885 0
8 126019513 0
8 109113648 0
3 2968696 0
15 91221444 0
7 150612126 0
1 10708847 0
23 187860 0
17 45050507 0
12 77943029 0
23 90162120 0
20 61781755 0
9 86717353 0
6 163325482 0
14 25149946 0
9 122459710 0
15 63306241 0
3 78743831 0
22 39387518 0
7 119748346 0
5 491688 0
3 117448264 0
2 83799613 0
4 106154032 0
3 60379912 0
11 19256512 0
10 33996725 0
20 58245787 0
12 40602692 0
4 20284541 0
4 71276845 0
3 53751435 0
23 31931524 0
12 116730423 0
19 31410589 0
8 139928382 0
4 186736477 0
2 68125774 0
2 149619188 0
3 181425711 0
3 149758873 0
2 79898224 0
1 208258229 0
15 29129534 0
16 33248621 0
23 117079530 0
22 37886585 0
12 107551139 0
8 64655437 0
8 21957028 0
17 66969374 0
4 33430217 0
2 140398739 0
4 78993559 0
4 108530494 0
13 80895045 0
23 70325861 0
8 134038562 0
2 82109835 0
23 27295252 0
13 114855146 0
3 148621547 0
18 57349631 0
20 59219754 0
17 66834825 0
5 60856750 0
8 93010278 0
18 50276420 0
16 51098692 0
4 138793444 0
11 49589098 0
4 170503670 0
6 44498721 0
7 77946262 0
13 95165290 0
5 180815 0
6 29672742 0
5 129191539 0
15 21028334 0
8 74376818 0
8 65339459 0
5 31072042 0
4 179881671 0
2 1339487 0
10 812362 0
12 97434571 0
19 32232763 0
12 93128880 0
2 145855863 0
17 68301250 0
6 64872342 0
14 84547160 0
9 3965757 0
11 92311263 0
18 56584158 0
12 57397979 0
9 12043439 0
23 52971883 0
13 114836243 0
9 7047011 0
12 114260151 0
4 659630 0
2 48905461 0
22 33801816 0
6 119883505 0
5 33742504 0
11 122930495 0
20 56810249 0
1 33353538 0
2 30906990 0
5 109301565 0
4 108120825 0
19 14584574 0
7 36312241 0
1 72440481 0
6 88889172 0
8 12915898 0
7 140845606 0
1 32147382 0
7 44136109 0
8 80310709 0
11 118768181 0
23 43645615 0
8 107639240 0
10 29340191 0
9 95374368 0
1 2735430 0
6 113468384 0
19 14274039 0
22 48285006 0
23 7061766 0
1 203919511 0
16 87778604 0
9 80455963 0
21 36645451 0
7 134137372 0
10 69946209 0
17 80923553 0
2 165305686 0
10 49594159 0
12 65116545 0
18 38101627 0
8 86414553 0
2 7489127 0
4 75573447 0
1 217747380 0
21 43558448 0
1 198500274 0
11 26210062 0
2 37868762 0
11 6550232 0
7 986105 0
17 11690287 0
1 95775349 0
23 32218631 0
11 69697460 0
7 88850623 0
5 142032234 0
3 188799958 0
3 65464317 0
16 78799121 0
22 44402690 0
23 118675802 0
10 87390251 0
6 25218603 0
2 134314033 0
22 51119985 0
8 93639897 0
1 6681945 0
23 38247660 0
6 169423538 0
4 182297259 0
1 46032495 0
15 30046081 0
7 64350133 0
10 110154778 0
12 41594010 0
15 37350956 0
15 56783103 0
7 133848538 0
2 210636887 0
14 79933612 0
18 2189508 0
2 11072919 0
2 215270977 0
8 42956006 0
12 50291883 0
20 8238805 0
3 127778394 0
4 106260468 0
12 72142470 0
2 16456303 0
5 101570550 0
9 27345848 0
3 160634586 0
11 64607186 0
14 32237128 0
13 58872423 0
13 114749556 0
15 50354308 0
18 12537022 0
5 71369675 0
13 114493570 0
1 242615401 0
9 132599731 0
7 90537521 0
2 4892562 0
2 231918462 0
15 70508442 0
10 17027827 0
22 20796578 0
1 80995889 0
9 115640807 0
2 162529527 0
7 22927492 0
8 109730789 0
1 17721093 0
11 68029824 0
2 6934797 0
21 46330481 0
2 215205306 0
8 33268162 0
2 207347770 0
19 31960111 0
5 148183269 0
8 95691597 0
3 85356241 0
9 97401508 0
1 81968933 0
11 127323888 0
10 91089371 0
2 69008019 0
2 221966541 0
12 3260874 0
14 52509023 0
3 135960729 0
7 42896521 0
6 13470603 0
3 184043511 0
11 110375878 0
10 83029877 0
15 53090737 0
16 79114402 0
17 70169738 0
15 25200738 0
4 5803711 0
6 159557424 0
7 1081456 0
1 181629190 0
6 166031926 0
5 121096148 0
8 35772508 0
12 28738290 0
18 39614811 0
18 24019120 0
21 38878537 0
12 124019373 0
23 132443488 0
18 2382149 0
6 162184577 0
19 15564395 0
4 188707964 0
16 87623186 0
12 110775277 0
16 31884683 0
5 141766090 0
1 70385216 0
9 12396507 0
1 152090923 0
9 96575145 0
6 85478575 0
5 73667624 0
18 31672291 0
14 84627947 0
5 168304444 0
6 130155403 0
3 161599626 0
10 63802107 0
3 118260393 0
21 41886491 0
5 71475752 0
7 71147246 0
15 20804445 0
5 126786250 0
3 169758472 0
2 218533334 0
8 35443360 0
23 12169450 0
11 65388802 0
11 23044268 0
3 120537741 0
8 14017157 0
2 211804021 0
20 60632600 0
5 163178147 0
4 95896297 0
7 55392723 0
16 21546576 0
5 53488817 0
10 112170752 0
6 74488483 0
4 28782000 0
1 83707140 0
2 141705138 0
2 186018395 0
12 124394003 0
1 58393309 0
23 92910362 0
4 155433335 0
2 204684515 0
1 160811392 0
2 124936669 0
3 196749613 0
5 112447841 0
15 33878302 0
11 6020252 0
8 123871219 0
23 25509564 0
3 54640800 0
11 81490935 0
7 3979509 0
2 144449135 0
7 83535408 0
7 133849695 0
5 119719502 0
14 27441035 0
6 100583880 0
10 114455877 0
3 64132104 0
9 139983561 0
8 55545008 0
15 25907755 0
8 50611378 0
22 46486302 0
5 76858092 0
1 220978338 0
15 30688395 0
9 66138359 0
5 84587216 0
2 240664381 0
2 56580626 0
16 75967375 0
15 74244315 0
3 240023 0
21 30121206 0
1 42326492 0
15 57823179 0
11 76868348 0
10 54372931 0
5 173132835 0
22 47765516 0
5 55220438 0
4 120274226 0
8 28914504 0
4 126812792 0
14 57466113 0
12 58235529 0
17 75475947 0
18 61824495 0
4 62851286 0
14 55237781 0
16 9891045 0
17 35709912 0
9 93950044 0
11 131243888 0
17 61081752 0
5 92446879 0
5 89391345 0
2 239834441 0
4 91479956 0
11 132738878 0
1 84324272 0
23 5128042 0
12 39107599 0
5 77601061 0
21 32650665 0
16 88599952 0
13 25044126 0
12 96544389 0
3 38310168 0
17 20543642 0
8 87192703 0
11 47354718 0
3 192222364 0
8 117581929 0
18 77390472 0
3 188867366 0
17 77154910 0
7 92450860 0
10 29880741 0
6 3439664 0
9 68497389 0
4 116479338 0
8 75602654 0
17 64733789 0
1 2998311 0
23 29092648 0
3 79630154 0
2 231641946 0
4 174861474 0
6 48129986 0
13 69300318 0
11 28076524 0
9 140108403 0
13 87932409 0
2 46017484 0
13 29778917 0
6 112992434 0
8 121926701 0
12 111110136 0
4 120376291 0
3 29985078 0
1 105304814 0
13 23013607 0
4 3306568 0
23 19953581 0
8 93552659 0
4 177357640 0
3 51400678 0
7 127583503 0
3 8665657 0
20 31106684 0
11 25758189 0
6 115609869 0
8 107910787 0
23 100006812 0
7 29847193 0
2 46616650 0
13 106125498 0
13 109677298 0
8 41581958 0
2 168823547 0
11 109615558 0
15 20817314 0
23 115013019 0
1 113782185 0
11 87846054 0
5 138187142 0
3 148020906 0
11 15564319 0
13 73544689 0
12 29259404 0
20 39391066 0
11 113269842 0
14 49305210 0
5 124940585 0
21 48101739 0
13 63096496 0
6 83461707 0
7 158148550 0
2 163264368 0
20 49472320 0
7 2985891 0
18 46263286 0
7 9300915 0
1 178477027 0
11 106890505 0
9 110429511 0
21 24844323 0
1 247679987 0
3 75372465 0
1 246961002 0
14 57881490 0
4 24024396 0
10 105327849 0
3 63553548 0
5 106312234 0
2 138944699 0
1 82464083 0
11 85659439 0
3 174719505 0
5 90312478 0
4 143180590 0
6 147231072 0
20 51435019 0
10 129907162 0
18 38321753 0
4 55544579 0
16 65814496 0
14 33009332 0
6 57111578 0
3 142949731 0
16 74424320 0
17 59374822 0
7 40734217 0
10 43376345 0
11 84732815 0
10 123051416 0
18 27368784 0
12 45213792 0
6 36550963 0
2 209500038 0
20 41850571 0
23 105922626 0
18 75524578 0
14 42358383 0
2 197311258 0
2 236712663 0
6 22475000 0
11 2842818 0
6 164630338 0
6 32769222 0
17 28619671 0
6 38214233 0
10 129659636 0
10 129486336 0
9 70337906 0
6 29892731 0
6 17458865 0
6 159737469 0
3 112668762 0
14 49976617 0
1 181206708 0
8 13575497 0
7 112568517 0
8 85182415 0
11 75151214 0
22 49560014 0
23 25298171 0
15 42337469 0
9 38739353 0
4 27971557 0
8 14406072 0
1 97620495 0
12 59357774 0
13 78817036 0
1 100537860 0
1 215095703 0
9 136259099 0
4 107927599 0
8 108692294 0
3 143286594 0
2 69464363 0
4 125007025 0
21 25768084 0
13 110852582 0
4 72839963 0
12 126935877 0
2 32781485 0
4 53785315 0
13 21291333 0
7 41976590 0
22 43658035 0
16 86451277 0
23 120677750 0
1 185621047 0
2 26160341 0
2 106366038 0
11 133693426 0
10 49956510 0
7 14364859 0
2 46207465 0
7 12653194 0
16 64993299 0
1 245494535 0
8 132306198 0
4 92241847 0
